Area,Year,Barley,"Beef and Buffalo Meat, primary","Cereals, primary",Eggs Primary,Fruit Primary,"Meat, Poultry","Milk, Total",Potatoes,Sheep and Goat Meat,Vegetables Primary,Wheat,Temp_change,People_employed_000,Pesticide_used_tonnes,total_precipitation,Population,Agriculture_Value,Employment_Binary,Employment_Category
Austria,2000,3819.5,3031.0,5403.9,165011.0,16294.6,17063.0,47916.0,29262.7,204.0,38431.1,4468.8,1.774,766.87,3563.2,1271.3025,8010.428,2443.834497,1,Medium
Austria,2001,4655.3,2993.0,5856.2,164992.0,15484.6,17531.0,49589.0,30039.4,212.0,40500.1,5241.2,1.508,718.74,3132.2,1231.8984,8039.626,2527.762615,1,Medium
Austria,2002,4286.6,2995.0,5831.0,164986.0,16201.2,17664.0,50362.0,30383.2,213.0,41954.2,4966.7,1.542,703.31,3079.2,1339.831,8078.992,2489.281305,1,Medium
Austria,2003,4155.9,3033.0,5255.4,165013.0,16950.5,17718.0,51759.0,26528.7,211.0,37718.6,4380.1,1.474,734.47,3384.9,964.65704,8120.104,2926.230271,1,Medium
Austria,2004,5261.7,3058.0,6495.5,165005.0,17905.3,18297.0,54121.0,31611.7,208.0,40853.2,5923.4,0.84,716.11,3301.7,1228.8599,8171.217,3375.140464,1,Medium
Austria,2005,4587.6,3125.0,6133.1,163800.0,15719.8,18155.0,53694.0,34398.5,210.0,40040.2,5028.6,0.638,732.78,3404.0,1282.2631,8227.034,2880.975476,1,Medium
Austria,2006,4427.6,3171.0,5721.8,163208.0,16928.4,18204.0,55212.0,29864.1,222.0,38332.9,4906.6,0.919,735.18,3415.7,1150.1456,8267.763,3099.126148,1,Medium
Austria,2007,4194.8,3225.0,5844.1,163196.0,18025.4,17626.0,55420.0,29493.1,218.0,36401.9,4776.3,2.151,791.9,3526.6,1279.4971,8294.722,3948.757079,1,Medium
Austria,2008,5207.9,3245.0,6807.3,162589.0,18767.5,17593.0,56040.0,33199.3,215.0,36165.0,5693.5,1.597,787.97,4246.7,1244.941,8321.131,4224.881855,1,Medium
Austria,2009,4600.5,3234.0,6149.5,165308.0,17922.3,16895.0,55802.0,32494.7,214.0,38843.0,4929.5,1.554,775.35,3531.8,1363.3025,8342.935,3265.641015,1,Medium
Austria,2010,4606.3,3227.0,5903.1,165323.0,10959.3,16719.0,56004.0,30570.3,217.0,39104.8,5011.7,0.668,765.78,3692.4,1306.4232,8362.829,3517.6846,1,Medium
Austria,2011,5606.4,3227.0,7056.7,165316.0,14995.3,16638.0,56833.0,35712.7,215.0,43635.1,5854.9,1.384,621.63,3441.5,1024.2241,8391.2,4306.106037,1,Medium
Austria,2012,4399.5,3268.0,6002.9,166668.0,12176.1,16748.0,58501.0,30549.1,212.0,41137.7,4138.8,1.792,623.73,3563.3,1292.8046,8429.637,3915.835868,1,Medium
Austria,2013,5148.6,3306.0,5846.8,166654.0,12194.4,16485.0,58756.0,28589.7,233.0,38134.1,5374.3,1.105,594.53,3097.44,1323.1521,8479.539,3721.338155,1,Medium
Austria,2014,5799.4,3302.0,7046.7,169137.0,12310.1,16303.0,59637.0,35102.0,231.0,43350.0,5921.7,2.421,603.5,3373.22,1373.5446,8546.066,3658.693836,1,Medium
Austria,2015,5537.6,3303.0,6198.1,169119.0,12885.3,16276.0,60150.0,26339.0,216.0,35827.5,5696.2,2.175,587.42,3777.62,1077.1112,8642.421,2935.599947,1,Medium
Austria,2016,6122.1,3326.0,7246.4,169741.0,7363.8,16307.0,61590.0,36155.7,214.0,35611.3,6253.4,2.1,609.92,4361.49,1339.6599,8736.487,3076.816281,1,Medium
Austria,2017,5630.0,3345.0,6260.6,169744.0,10351.4,15886.0,62137.0,28419.8,227.0,33734.4,4871.2,1.746,593.0,4624.88,1245.3923,8797.496,3698.271158,1,Medium
Austria,2018,4961.8,3363.0,6145.8,171117.0,16461.2,14233.0,62098.0,29374.2,211.0,33290.8,4645.3,2.53,583.72,5279.54,1193.3326,8840.513,3731.391107,1,Medium
Austria,2019,6034.2,3374.0,6954.3,171131.0,11243.2,14242.0,62375.0,31341.7,208.0,35150.8,5737.2,2.375,587.67,4954.46,1281.8682,8879.94,3443.192464,1,Medium
Austria,2020,6415.9,3387.0,7386.4,181700.0,12389.1,,62887.0,36516.5,208.0,36767.0,5923.4,2.322,563.02,5566.03,1297.2804,8907.777,3552.552897,1,Medium
Austria,2021,6006.6,3318.0,7112.4,,11803.8,,62471.0,34117.5,208.0,37526.4,5529.9,1.41,551.56,5790.56,1247.4596,8922.082,4328.344425,1,Medium
Belgium,2000,6874.2,3306.0,8021.4,127495.0,44196.2,14716.0,59544.0,44405.8,206.0,29153.7,7919.8,1.482,496.09,9560.49,1058.8652,10264.343,2631.56238,0,Medium
Belgium,2001,7159.2,3266.0,8218.1,148918.0,26593.2,15726.0,58619.0,41226.7,222.0,28576.6,8047.5,1.333,464.16,8529.07,1087.4242,10309.255,2473.982336,0,Medium
Belgium,2002,7548.5,3275.0,8500.9,139437.0,31566.6,15710.0,57047.0,47147.5,198.0,29248.9,8275.7,1.394,496.47,9204.0,1025.932,10355.568,2515.171811,0,Medium
Belgium,2003,6637.7,3223.0,8530.7,149853.0,30507.6,15659.0,59815.0,42531.8,184.0,29556.6,8578.6,1.523,468.97,8822.0,722.1305,10402.55,3088.255626,0,Medium
Belgium,2004,7869.7,3334.0,9184.9,154035.0,34973.7,15638.0,55581.0,48395.5,196.0,31832.8,8980.6,1.089,506.53,9186.0,847.9148,10456.163,3579.743346,0,Medium
Belgium,2005,7547.8,3245.0,8649.5,136065.0,30452.3,15902.0,56940.0,42813.5,206.0,30242.4,8273.3,1.198,513.68,9776.0,788.71344,10516.978,3054.519226,1,Medium
Belgium,2006,7495.7,3502.0,8373.3,156489.0,33025.1,16098.0,54792.0,38545.2,202.0,30609.0,8254.9,1.406,503.11,8244.02,911.3866,10582.975,3491.478398,0,Medium
Belgium,2007,7705.1,3532.0,8637.7,146313.0,33829.4,16852.0,56475.0,46949.1,198.0,31292.8,7890.8,1.889,511.17,6712.05,985.3129,10653.697,3914.937298,0,Medium
Belgium,2008,6000.1,3508.0,8885.8,140433.0,26556.3,12288.0,54032.0,46071.1,191.0,31586.4,8758.5,1.261,439.59,6516.47,939.2252,10726.716,3467.537264,0,Medium
Belgium,2009,8390.6,3314.0,9710.0,129007.0,32182.3,12446.0,55027.0,44708.3,202.0,32722.5,9465.2,1.159,432.81,5496.04,865.9028,10801.356,2944.807327,0,Medium
Belgium,2010,9145.7,3372.0,9348.1,145674.0,35132.5,13088.0,59782.0,42267.6,180.0,32822.0,8827.2,0.236,427.33,4644.53,912.57733,10877.947,3510.254579,0,Medium
Belgium,2011,7695.2,3176.0,9009.0,138079.0,28240.4,13184.0,61892.0,50141.2,183.0,32063.1,8404.6,1.29,415.85,6297.22,788.48303,10955.743,3190.912958,0,Medium
Belgium,2012,7823.5,3189.0,8666.3,128100.0,25809.3,13300.0,61610.0,45423.3,175.0,32411.9,8452.2,1.137,397.01,6584.48,984.51306,11031.139,3706.955826,0,Medium
Belgium,2013,8325.2,3101.0,9212.5,156122.0,29110.0,13336.0,73361.0,45464.2,188.0,33911.0,8934.9,0.472,408.07,6334.74,862.8831,11103.257,3380.029165,0,Medium
Belgium,2014,8473.9,3085.0,9435.4,127686.0,36168.7,14708.0,69544.0,54000.3,199.0,33846.2,9412.9,2.408,411.62,7179.63,929.9839,11176.723,3227.943192,0,Medium
Belgium,2015,8982.1,3070.0,9842.2,110897.0,34641.0,14906.0,73725.0,46922.6,194.0,30463.6,10015.2,1.355,408.44,6479.24,829.93854,11248.303,3015.552571,0,Medium
Belgium,2016,6237.1,3054.0,6984.8,104122.0,29889.2,15043.0,71390.0,38163.2,196.0,31988.9,6787.1,1.865,419.36,6570.44,929.81903,11316.836,2810.952718,0,Medium
Belgium,2017,8416.4,3060.0,9050.7,104204.0,21146.9,15378.0,75960.0,47565.2,209.0,31256.6,8617.4,1.711,422.47,6245.92,862.7577,11384.489,3191.688228,0,Medium
Belgium,2018,7687.9,3123.0,7983.1,,32960.0,15357.0,,32630.9,209.0,31466.6,8492.3,2.173,423.86,6355.29,772.61945,11448.595,3119.845624,0,Medium
Belgium,2019,8577.0,3148.0,8988.5,,31781.8,15119.0,,41018.6,218.0,33348.8,9336.4,2.055,433.39,5940.6,910.44916,11510.568,3434.547796,0,Medium
Belgium,2020,7491.4,3252.0,8430.6,,31072.1,,,40362.7,214.0,32160.8,8946.3,2.542,404.87,5667.46,855.52954,11561.717,3431.280632,0,Medium
Belgium,2021,7845.0,3222.0,7906.2,,33907.7,,,43054.6,213.0,35996.3,7788.4,1.176,383.53,5575.94,1102.3695,11611.419,,0,Medium
Bulgaria,2000,2676.8,1807.0,2459.9,93673.0,4656.8,16490.0,5341.0,7526.2,207.0,9398.1,2842.1,1.171,933.78,2876.0,475.23853,8097.691,1398.123182,1,Medium
Bulgaria,2001,3185.9,1352.0,2898.5,98603.0,3902.4,16525.0,5361.0,12392.1,115.0,10048.1,3008.1,1.63,792.55,2747.25,708.2185,8034.86,1459.508325,1,Medium
Bulgaria,2002,3115.9,1435.0,3156.3,93844.0,4119.9,16678.0,6799.0,12089.4,114.0,10158.0,3012.3,0.837,829.73,2618.5,876.1147,7974.81,1538.39117,1,Medium
Bulgaria,2003,1940.0,1618.0,2371.3,132405.0,4427.5,16471.0,6371.0,15131.2,104.0,14419.3,2382.8,0.164,869.26,2489.75,709.3927,7917.739,1845.384039,1,Medium
Bulgaria,2004,3590.0,1373.0,4077.8,137716.0,3529.4,17593.0,7141.0,18685.5,113.0,13102.3,3810.0,0.508,882.5,2361.0,713.50964,7865.316,2116.805996,1,Medium
Bulgaria,2005,2487.0,1430.0,3387.0,128888.0,2723.1,17215.0,6550.0,15644.8,114.0,12714.5,3156.7,0.189,828.27,2232.25,1027.8942,7815.221,2022.636795,1,Medium
Bulgaria,2006,2941.7,1399.0,3572.5,124584.0,3465.8,17839.0,7284.0,15775.8,113.0,14194.3,3402.6,0.542,821.12,2103.5,738.5585,7766.036,1934.434991,1,Medium
Bulgaria,2007,2246.5,1500.0,2523.7,112158.0,3688.9,17469.0,6642.0,13319.7,99.0,11152.6,2197.3,1.853,813.15,1974.75,780.056,7719.035,1894.615304,1,Medium
Bulgaria,2008,3943.3,1474.0,4094.3,121080.0,3900.0,17779.0,7038.0,16261.8,102.0,15138.8,4167.4,1.146,751.39,1846.0,615.7564,7674.913,2953.743752,1,Medium
Bulgaria,2009,3321.8,1486.0,3413.0,119439.0,3679.6,17603.0,6923.0,16550.8,96.0,16295.0,3187.3,1.259,707.54,1717.25,773.29266,7634.735,1957.998377,1,Medium
Bulgaria,2010,3396.6,1420.0,4031.0,125522.0,3696.6,18290.0,7622.0,18196.7,105.0,17244.2,3618.5,1.334,667.38,1588.5,867.314,7592.273,1772.177317,1,Medium
Bulgaria,2011,3950.0,1419.0,4251.2,114547.0,4090.5,19002.0,8016.0,14323.6,111.0,16546.1,3919.7,0.394,649.62,1459.75,621.9461,7543.13,2419.126055,1,Medium
Bulgaria,2012,3457.8,1430.0,3671.8,128223.0,4646.8,18843.0,7379.0,10151.5,115.0,14455.5,3759.6,1.647,623.74,1331.0,712.4185,7488.344,2159.653099,1,Medium
Bulgaria,2013,3691.0,1456.0,4561.0,139416.0,6989.7,18832.0,8536.0,14612.5,104.0,18485.5,4188.5,1.44,612.18,1196.27,694.9275,7431.167,2250.525935,1,Medium
Bulgaria,2014,3969.5,1363.0,4860.7,136282.0,5473.6,19275.0,7593.0,13005.0,100.0,20854.3,4217.2,1.128,637.31,1002.03,1110.3364,7372.141,2310.770935,1,Medium
Bulgaria,2015,3966.1,1352.0,4669.6,133306.0,6990.2,18923.0,7396.0,14963.3,101.0,15571.5,4531.6,1.344,628.74,1541.93,774.25146,7309.253,1800.668783,1,Medium
Bulgaria,2016,4316.1,929.0,4817.8,132955.0,6530.1,19408.0,7520.0,15184.1,112.0,16963.9,4748.3,1.796,619.01,3759.14,754.105,7245.975,1955.61002,1,Medium
Bulgaria,2017,4637.1,1456.0,5479.7,129767.0,7128.1,19195.0,7254.0,17789.7,104.0,19053.2,5358.3,0.843,667.62,3383.04,801.3983,7182.428,2149.576241,1,Medium
Bulgaria,2018,4332.3,1458.0,5561.7,,7457.7,19118.0,6695.0,18559.6,117.0,21434.9,4912.9,2.072,636.47,5044.05,819.5495,7117.431,1927.109055,1,Medium
Bulgaria,2019,5026.8,1517.0,5774.7,,7360.2,19083.0,6524.0,21249.7,120.0,20255.8,5272.2,1.991,638.22,6660.0,672.11896,7052.532,1940.136898,1,Medium
Bulgaria,2020,4331.0,1511.0,4373.4,,6932.5,,6804.0,19329.6,119.0,20124.1,4039.3,1.938,576.43,4225.98,704.3977,6979.175,2164.148378,1,Medium
Bulgaria,2021,5574.1,1561.0,5949.6,,7592.7,,7181.0,17948.6,136.0,21553.6,6087.8,1.511,539.49,4481.58,885.5427,6885.868,3321.1894,1,Medium
Croatia,2000,3236.3,1888.0,4114.8,81398.0,7368.1,11995.0,15780.0,8488.3,117.0,16549.2,4745.5,1.636,608.83,2722.53,899.4693,4548.434,929.881057,1,Medium
Croatia,2001,3134.9,1957.0,4840.3,81747.0,6529.1,11898.0,17044.0,10210.6,121.0,19979.5,4404.7,1.61,587.24,2616.17,1093.2028,4506.759,994.117358,1,Medium
Croatia,2002,3375.8,1790.0,5316.2,81456.0,6713.2,11414.0,17314.0,11389.2,117.0,21821.9,4591.9,1.278,564.84,2509.8,1217.4894,4482.868,1129.550569,1,Medium
Croatia,2003,2464.6,1971.0,3601.0,81247.0,6402.3,11170.0,19844.0,5944.0,163.0,16326.8,3220.7,1.291,565.52,2403.44,790.1715,4461.139,1155.520114,1,Medium
Croatia,2004,3518.1,2007.0,5408.9,79348.0,7299.4,11661.0,17542.0,15399.7,126.0,23380.1,4927.8,0.681,578.05,2297.07,1237.5911,4443.35,1594.841488,1,Medium
Croatia,2005,3228.6,2065.0,5592.8,84237.0,6393.7,11917.0,20189.0,14463.8,112.0,26338.2,4114.4,0.307,572.03,2183.95,1145.6586,4429.681,1498.481322,1,Medium
Croatia,2006,3638.7,2106.0,5420.2,88114.0,6811.8,11929.0,22910.0,16381.0,115.0,28930.4,4583.3,0.734,521.79,2213.84,987.51636,4417.56,1728.427501,1,Medium
Croatia,2007,3818.1,2105.0,4558.1,87206.0,7067.2,11876.0,23298.0,17073.0,117.0,24519.3,4640.8,2.0,557.13,2079.22,1044.0386,4405.532,1884.560515,1,Medium
Croatia,2008,4258.8,2017.0,6639.1,86507.0,6495.3,11904.0,23169.0,17036.9,97.0,30881.5,5483.3,1.479,514.87,2452.6,1070.6357,4393.664,2300.637609,1,Medium
Croatia,2009,4088.5,1673.0,6109.8,85147.0,6912.1,11883.0,22866.0,19303.6,96.0,30389.1,5189.6,1.517,513.6,2134.99,1098.7542,4382.13,2131.75468,0,Medium
Croatia,2010,3281.5,1339.0,5456.0,84506.0,7158.0,22168.0,26437.0,16311.5,85.0,29072.6,4041.5,0.883,505.63,1605.37,1412.276,4368.682,1818.527147,0,Medium
Croatia,2011,4014.3,1377.0,5220.0,98993.0,7447.1,18040.0,27292.0,15396.0,143.0,26649.0,5223.7,1.279,486.71,1682.32,695.28375,4351.842,1851.806418,0,Medium
Croatia,2012,4143.4,2137.0,4573.6,80134.0,6216.5,21523.0,24666.0,14784.8,129.0,24311.5,5347.3,1.866,444.8,1759.27,970.8728,4331.595,1471.665584,0,Medium
Croatia,2013,3742.6,2291.0,5444.9,91528.0,9322.3,14389.0,25191.0,15878.5,118.0,31984.9,4884.6,1.288,402.73,2006.44,1236.1146,4308.854,1594.758958,0,Medium
Croatia,2014,3804.0,2276.0,6027.7,92922.0,7422.2,14592.0,25210.0,15601.1,119.0,33374.4,4156.0,2.053,378.13,2119.04,1465.9718,4283.972,1275.375354,0,Medium
Croatia,2015,4426.8,2295.0,5695.0,111587.0,7394.0,14524.0,30047.0,17037.8,135.0,31886.3,5380.9,1.943,386.94,2310.93,974.7831,4254.815,1124.741828,0,Medium
Croatia,2016,4659.2,2348.0,6665.5,114212.0,6162.8,13448.0,23194.0,19659.6,116.0,36293.5,5653.7,1.852,369.59,1861.2,1155.9691,4223.751,1237.338057,0,Medium
Croatia,2017,4827.2,2333.0,5704.8,113075.0,5985.5,13716.0,22502.0,15874.0,116.0,27795.6,5808.4,1.568,358.98,1577.41,1083.2178,4192.467,1241.335996,0,Medium
Croatia,2018,4514.0,2427.0,7055.6,,8883.2,,21347.0,19661.3,116.0,35766.8,5438.8,2.325,359.51,1697.66,1122.6525,4160.485,1413.298043,0,Medium
Croatia,2019,5191.9,2480.0,7157.3,,7251.0,,20500.0,18439.8,114.0,34606.0,5611.4,2.121,350.03,1563.81,1197.9235,4129.752,1409.38844,0,Medium
Croatia,2020,4907.6,2556.0,6992.4,,7150.8,,22583.0,18679.5,115.0,38370.4,5868.0,2.026,327.9,1655.09,1002.09,4096.869,1390.4647,0,Medium
Croatia,2021,5484.6,2527.0,7012.9,,6624.7,,22353.0,14542.7,115.0,31463.5,6696.0,1.618,334.82,1469.65,1059.5958,4060.135,1781.173817,0,Medium
Cyprus,2000,835.6,2418.0,931.4,115672.0,10105.2,16441.0,5460.0,18000.0,259.0,32034.1,1626.0,0.683,107.13,745.22,381.80164,948.237,344.163153,0,Low
Cyprus,2001,2320.7,2516.0,2275.9,121630.0,9692.6,17132.0,4602.0,21172.4,258.0,32858.9,1944.4,1.23,109.73,864.51,408.45685,964.83,382.685474,0,Low
Cyprus,2002,2427.2,2442.0,2394.4,136889.0,10771.9,17496.0,4517.0,25984.3,261.0,32683.0,2186.4,0.888,110.03,1060.57,354.56696,982.194,411.070027,0,Low
Cyprus,2003,2307.4,2258.0,2263.9,160647.0,12496.0,16924.0,5084.0,23135.5,249.0,30494.3,1976.5,0.649,110.71,796.43,417.1494,1000.35,467.36567,0,Low
Cyprus,2004,1727.9,2290.0,1677.9,156600.0,11969.4,17863.0,4288.0,24470.3,245.0,33284.7,1332.9,0.675,113.53,717.3,416.45984,1018.684,498.718807,0,Low
Cyprus,2005,1147.9,2238.0,1205.6,165912.0,11597.7,18660.0,4186.0,24636.5,234.0,34133.2,1757.0,0.4,108.08,678.16,274.0947,1037.062,476.597933,0,Low
Cyprus,2006,1193.4,2163.0,1219.7,165218.0,12147.4,18371.0,5252.0,29720.3,249.0,30246.4,1395.1,0.684,100.0,861.02,326.00586,1055.438,430.044748,0,Low
Cyprus,2007,1528.8,2260.0,1596.1,165899.0,12315.7,18536.0,4182.0,24721.8,238.0,31703.3,2026.1,0.873,103.19,534.89,327.9607,1073.873,445.144743,0,Low
Cyprus,2008,114.0,2276.0,176.3,191555.0,11723.8,18775.0,4681.0,22504.9,225.0,33531.8,495.4,1.084,84.71,477.75,211.82497,1092.39,539.495596,0,Low
Cyprus,2009,1786.3,2601.0,1823.8,179578.0,10085.0,18798.0,4490.0,22635.8,208.0,34236.7,2549.9,1.027,87.57,728.61,443.7978,1110.974,476.770391,0,Low
Cyprus,2010,1907.3,2724.0,1998.4,139369.0,13753.5,18636.0,4233.0,19271.4,189.0,36949.0,2411.5,2.045,87.64,632.48,286.87213,1129.686,487.520642,0,Low
Cyprus,2011,1831.9,3017.0,1954.4,166467.0,13791.0,18704.0,4459.0,24892.4,188.0,35846.8,2241.3,0.698,84.54,1324.62,406.91058,1145.086,529.084897,0,Low
Cyprus,2012,2323.1,3178.0,2399.3,158581.0,12853.4,18585.0,4577.0,18065.9,204.0,32873.7,2681.1,0.919,75.65,1266.21,566.6676,1156.556,451.62905,0,Low
Cyprus,2013,1530.0,3002.0,1688.0,160515.0,14288.9,18354.0,5001.0,21233.3,198.0,29298.6,2193.5,1.182,72.42,1119.52,290.62527,1166.968,431.648459,0,Low
Cyprus,2014,143.6,3109.0,291.0,159939.0,13762.7,17858.0,5495.0,23411.4,210.0,34063.8,724.5,1.006,86.0,1094.92,340.4421,1176.995,375.067629,0,Low
Cyprus,2015,2537.7,3316.0,2683.0,160104.0,14260.4,18647.0,5679.0,20257.9,215.0,30862.0,2954.0,1.128,85.85,1056.71,386.31305,1187.28,325.067473,0,Low
Cyprus,2016,200.0,3025.0,436.3,221678.0,12318.0,18784.0,6432.0,24360.8,213.0,28640.1,823.0,1.504,83.45,1141.74,276.19055,1197.881,400.979994,0,Low
Cyprus,2017,1712.2,3077.0,1802.7,214111.0,12329.4,18924.0,6703.0,26054.3,207.0,27516.6,1912.0,0.783,81.2,1162.69,289.8177,1208.523,368.276064,0,Low
Cyprus,2018,618.8,3132.0,1052.9,,10891.0,19909.0,,23200.4,199.0,32054.2,1502.9,2.104,78.1,1183.61,436.0725,1218.831,380.739734,0,Low
Cyprus,2019,2625.2,3252.0,2656.3,,9975.4,20101.0,7634.0,21159.8,187.0,33219.4,2782.8,1.496,83.7,1230.77,616.0039,1228.836,388.345707,0,Low
Cyprus,2020,2133.4,3029.0,2381.4,,9715.8,20079.0,7966.0,24178.9,175.0,29824.2,2671.5,1.632,78.14,1190.58,437.4173,1237.537,401.650301,0,Low
Cyprus,2021,2034.3,2977.0,2063.5,,9538.4,20080.0,8302.0,24807.0,172.0,32337.5,2104.7,1.948,75.46,1104.02,300.84076,1244.188,,0,Low
Czechia,2000,3293.4,2888.0,3906.0,150378.0,9196.5,13741.0,53817.0,21330.0,140.0,14633.2,4208.5,1.907,863.53,4533.04,805.3722,10234.71,1534.518903,1,Medium
Czechia,2001,3969.9,2984.0,4508.6,150131.0,7963.0,13761.0,57401.0,20881.8,131.0,15271.4,4848.3,1.227,832.21,4649.12,903.8224,10230.276,1672.497722,1,Medium
Czechia,2002,3672.7,2921.0,4324.0,159275.0,7635.6,13770.0,58723.0,23512.1,142.0,15552.1,4555.1,1.531,795.54,4977.62,960.2228,10238.17,1616.90274,1,Medium
Czechia,2003,3761.6,2899.0,3940.8,158143.0,7426.9,13939.0,59116.0,18968.1,144.0,16913.4,4068.4,1.082,748.07,4590.0,587.62506,10248.038,1804.175972,1,Medium
Czechia,2004,4969.3,2878.0,5443.6,154769.0,7355.6,13778.0,61684.0,23956.1,133.0,18546.4,5841.9,0.821,727.92,5318.44,772.11475,10260.999,2137.880719,1,Medium
Czechia,2005,4209.5,2883.0,4741.6,161515.0,6488.7,13459.0,64225.0,28083.5,155.0,19219.7,5052.2,0.749,704.85,5384.76,869.98065,10280.113,2260.636059,1,Medium
Czechia,2006,3593.2,2894.0,4159.0,159712.0,6307.3,13926.0,65425.0,23052.5,158.0,18027.1,4486.5,0.955,686.6,5693.11,780.7448,10304.815,2433.971241,1,Medium
Czechia,2007,3796.8,2942.0,4522.0,161753.0,6818.8,13095.0,76455.0,25715.0,146.0,17413.3,4857.0,2.172,674.8,6194.49,849.3759,10337.829,2941.804504,1,Medium
Czechia,2008,4651.5,2924.0,5362.8,163674.0,7805.4,13549.0,69592.0,25834.6,147.0,18553.5,5772.6,1.648,642.62,5440.0,775.40906,10378.583,3414.01933,1,Medium
Czechia,2009,4404.0,2860.0,5073.9,166830.0,6955.3,14153.0,70553.0,26189.8,146.0,19619.0,5242.5,1.429,633.98,4759.9,859.3052,10421.51,2659.759744,1,Medium
Czechia,2010,4073.9,2907.0,4695.8,177794.0,4973.1,14129.0,70902.0,24564.3,146.0,17170.5,4992.4,0.413,645.71,4957.4,963.55493,10464.749,2162.397078,1,Medium
Czechia,2011,4865.3,2904.0,5592.6,176482.0,5896.6,14047.0,73202.0,30447.3,147.0,21208.3,5692.1,1.042,646.82,5306.06,693.8594,10496.379,3072.68626,1,Medium
Czechia,2012,4227.9,2888.0,4529.5,176973.0,5793.7,14215.0,76333.0,27980.5,190.0,19927.7,4315.6,1.581,628.52,5345.4,805.603,10511.065,3324.173158,1,Medium
Czechia,2013,4566.8,2929.0,5309.3,177115.0,6694.1,14248.0,76444.0,23117.9,194.0,20344.6,5667.6,0.78,631.75,6188.56,825.2688,10514.552,3588.498043,1,Medium
Czechia,2014,5611.8,2939.0,6219.8,172049.0,6397.7,14276.0,79128.0,29072.6,203.0,23461.1,6510.4,2.504,625.91,5663.37,789.8546,10517.182,3730.217993,1,Medium
Czechia,2015,5441.8,2953.0,5880.6,173016.0,8297.8,13405.0,82173.0,22263.3,204.0,19696.4,6355.9,2.109,650.92,6310.84,667.16565,10523.798,3033.568779,1,Medium
Czechia,2016,5665.1,2975.0,6317.0,173905.0,7135.6,13588.0,82790.0,29879.8,207.0,21937.3,6495.9,2.063,661.25,5942.73,794.29395,10527.591,3046.205149,1,Medium
Czechia,2017,5225.0,2934.0,5497.5,177563.0,6554.0,13568.0,84445.0,29420.2,206.0,23101.2,5670.5,1.579,635.04,5248.38,807.6023,10531.305,3372.898516,1,Medium
Czechia,2018,4945.9,3024.0,5206.9,169511.0,9446.7,13633.0,88163.0,25494.1,206.0,21249.7,5389.6,2.634,670.52,5178.12,634.38116,10534.593,3916.858095,1,Medium
Czechia,2019,5376.0,3050.0,5653.2,177378.0,6304.7,,87314.0,27199.7,203.0,24611.0,5732.5,2.523,664.41,5052.76,754.52,10536.871,3924.603997,1,Medium
Czechia,2020,5471.9,3089.0,6042.7,,7557.7,,91530.0,29154.9,205.0,25223.6,6138.9,2.322,618.55,4359.75,880.84467,10530.953,3994.355942,1,Medium
Czechia,2021,5353.3,3081.0,6113.0,,7457.1,,91346.0,29441.7,205.0,25346.5,6321.4,1.281,571.42,4479.84,880.7241,10510.751,4344.140418,1,Medium
Denmark,2000,5370.5,2473.0,6216.0,201847.0,7293.0,14462.0,74211.0,42486.3,214.0,22333.5,7479.7,1.707,346.23,3174.0,847.54553,5340.655,3137.166236,0,Medium
Denmark,2001,5332.1,2492.0,6126.6,216203.0,6236.6,15052.0,73040.0,40382.8,211.0,24583.4,7355.9,1.031,337.27,3311.0,840.2585,5360.748,3404.013936,0,Medium
Denmark,2002,4998.0,2452.0,5761.8,223378.0,6345.8,14901.0,73089.0,39906.6,208.0,26029.0,7034.5,1.64,311.51,2868.0,872.804,5378.697,2680.481706,0,Medium
Denmark,2003,5318.7,2468.0,6096.6,218860.0,9405.3,14574.0,76264.0,39119.1,213.0,26442.7,7076.8,0.696,310.96,2954.0,666.75323,5396.355,3040.373438,0,Medium
Denmark,2004,5148.6,2472.0,6013.1,225299.0,11407.3,14091.0,77572.0,39741.5,204.0,27053.1,7140.6,1.023,318.95,2899.0,837.38983,5415.586,3592.226205,0,Medium
Denmark,2005,5385.3,2556.0,6153.4,250000.0,10849.1,15154.0,81238.0,39410.0,199.0,27811.9,7232.8,1.274,329.32,3246.0,703.6467,5436.313,2534.7672,0,Medium
Denmark,2006,4815.6,2610.0,5778.4,279087.0,9918.5,15660.0,84085.0,35264.2,207.0,27099.1,6996.4,1.341,327.99,3212.0,861.4709,5457.864,2722.248522,0,Medium
Denmark,2007,4915.6,2610.0,5675.8,245747.0,10390.8,16610.0,85255.0,38564.7,204.0,27943.4,6561.0,2.129,338.81,3336.0,917.5121,5479.722,3159.105891,0,Medium
Denmark,2008,4734.4,2601.0,6017.4,230048.0,9964.6,17456.0,84591.0,41633.9,196.0,27301.5,7863.8,1.854,292.8,4145.0,815.2575,5502.751,2388.302508,0,Medium
Denmark,2009,5723.1,2627.0,6779.0,225433.0,10842.5,16731.0,85487.0,41586.1,204.0,25301.3,8037.3,1.318,276.08,2836.0,792.0068,5526.452,2174.399436,0,Low
Denmark,2010,5183.1,2646.0,5875.9,195836.0,9667.3,17211.0,86402.0,35267.5,202.0,26910.6,6626.4,-0.201,254.33,3894.0,774.97284,5550.849,3246.3513,0,Low
Denmark,2011,5391.2,2586.0,5886.5,205987.0,11014.0,17616.0,86364.0,38942.3,204.0,27903.1,6467.2,0.677,247.13,4549.75,800.2204,5576.016,3825.15698,0,Low
Denmark,2012,5610.6,2554.0,6309.7,202575.0,7812.5,18417.0,85067.0,42131.6,168.0,27863.7,7368.7,1.145,260.88,5959.62,881.1772,5600.959,4742.032736,0,Low
Denmark,2013,5730.3,2586.0,6316.6,176558.0,11281.0,15580.0,87659.0,41573.2,204.0,28136.3,7299.2,0.401,259.44,4197.1,733.3232,5625.385,3707.928378,0,Low
Denmark,2014,5869.6,2592.0,6752.1,173041.0,10362.3,15508.0,92265.0,43119.4,207.0,30579.0,7783.3,2.668,262.51,1821.89,853.61584,5650.653,4129.892813,0,Low
Denmark,2015,6108.0,2616.0,6884.7,180090.0,12283.7,15180.0,95477.0,41412.8,216.0,28157.4,7952.7,1.507,282.77,2583.75,962.9953,5677.796,2237.962372,0,Medium
Denmark,2016,5587.2,2608.0,6222.0,185640.0,11997.1,15176.0,95426.0,42478.6,205.0,29642.8,7206.7,1.839,269.67,2586.88,753.78033,5706.857,2358.437529,0,Low
Denmark,2017,5999.8,2631.0,6916.5,142972.0,9545.5,14970.0,97488.0,43682.1,207.0,29592.9,8240.9,1.61,264.59,2706.11,925.9954,5737.284,3666.996685,0,Low
Denmark,2018,4331.9,2640.0,4888.8,,12020.9,14174.0,98512.0,34746.2,210.0,24904.1,6162.4,2.096,276.38,2646.13,650.0155,5766.686,2936.184052,0,Low
Denmark,2019,6215.0,2690.0,6928.9,,10230.2,15143.0,99734.0,42481.5,226.0,23845.4,8095.7,2.167,278.5,2660.87,941.4722,5795.878,3778.921244,0,Medium
Denmark,2020,6363.3,2704.0,6926.3,121916.0,12649.2,16049.0,100283.0,43995.2,184.0,23968.8,8098.7,2.625,263.59,3167.46,835.8943,5825.641,4333.291315,0,Low
Denmark,2021,5569.8,2699.0,6355.0,,11402.8,15948.0,100966.0,42252.7,207.0,20691.1,7526.7,1.685,263.05,2974.53,821.4956,5854.24,3816.143045,0,Low
Estonia,2000,2105.0,1438.0,2114.7,189796.0,2279.1,15376.0,44780.0,15265.4,196.0,13734.7,2128.5,2.046,137.72,315.0,759.66187,1396.877,141.023706,0,Low
Estonia,2001,2010.7,1656.0,2037.0,156215.0,1459.1,15638.0,51196.0,15524.9,190.0,14821.1,2230.2,1.817,127.58,329.0,807.317,1387.995,159.130813,0,Low
Estonia,2002,1919.0,1781.0,2024.0,164359.0,1614.7,15256.0,46584.0,13159.9,187.0,12075.0,2302.5,1.46,135.62,331.0,603.761,1379.24,157.945207,0,Low
Estonia,2003,1929.6,1712.0,1921.7,168447.0,674.6,16085.0,51820.0,14393.3,198.0,16181.4,2157.4,0.208,134.46,323.0,702.7277,1370.66,200.773382,0,Low
Estonia,2004,2306.6,1805.0,2330.3,180745.0,520.3,15599.0,54916.0,10341.6,190.0,14136.6,2508.3,1.154,131.97,351.0,786.2114,1362.48,249.001975,0,Low
Estonia,2005,2543.7,1871.0,2694.4,162475.0,1435.0,16251.0,56768.0,15027.7,216.0,19220.9,3081.8,1.583,133.63,386.0,640.3545,1354.662,265.38901,0,Low
Estonia,2006,2130.8,1961.0,2209.9,160084.0,622.3,15449.0,60381.0,13260.8,215.0,20007.5,2417.3,1.25,133.33,452.0,588.1199,1346.709,297.934865,0,Low
Estonia,2007,2665.5,2078.0,3009.1,172469.0,772.6,15006.0,62489.0,17197.7,191.0,23574.8,3474.6,2.255,126.6,460.0,778.1093,1340.574,406.907843,0,Low
Estonia,2008,2557.5,2109.0,2792.8,166455.0,673.4,15392.0,65801.0,14227.3,205.0,24129.8,3183.1,2.587,107.82,551.0,921.9329,1337.011,327.156565,0,Low
Estonia,2009,2679.5,2154.0,2760.5,167891.0,1106.5,16850.0,67576.0,15275.2,191.0,23517.8,3014.6,1.604,92.67,402.0,804.7174,1334.552,247.569057,0,Low
Estonia,2010,2431.5,2218.0,2464.2,196644.0,714.9,16399.0,68074.0,17456.2,185.0,24434.2,2744.0,0.53,82.26,514.0,827.48566,1331.535,309.663208,0,Low
Estonia,2011,2493.7,2135.0,2598.9,200545.0,828.6,16710.0,69787.0,17836.1,187.0,27504.7,2806.5,1.29,88.24,460.0,719.7168,1327.429,431.288989,0,Low
Estonia,2012,3131.2,2455.0,3412.0,154899.0,746.4,16166.0,72853.0,18217.5,180.0,21032.8,3899.4,1.45,94.73,553.0,936.0969,1322.682,460.234979,0,Low
Estonia,2013,3313.3,2701.0,3135.6,158996.0,1139.9,16302.0,77282.0,19355.8,186.0,26017.8,3275.4,1.165,99.26,567.79,637.92993,1317.982,440.365977,0,Low
Estonia,2014,3641.5,2339.0,3669.6,203553.0,771.6,17599.0,80597.0,18328.1,178.0,21326.8,3986.4,2.414,99.85,596.39,707.256,1314.526,459.741002,0,Low
Estonia,2015,4235.9,2864.0,4381.6,198469.0,986.8,17518.0,80323.0,20206.9,168.0,25325.6,4788.5,2.349,107.29,594.55,691.13116,1314.657,309.79971,0,Low
Estonia,2016,2640.6,3450.0,2658.4,166369.0,1339.6,17087.0,88895.0,15921.0,292.0,18998.2,2768.5,1.914,103.2,713.78,800.95154,1315.926,170.336356,0,Low
Estonia,2017,4153.5,2955.0,3967.3,154199.0,942.5,17342.0,89440.0,16923.2,276.0,16254.4,4201.8,1.482,101.07,700.08,832.7084,1317.549,316.378681,0,Low
Estonia,2018,2509.2,2443.0,2624.9,207021.0,2142.3,16890.0,,17746.2,182.0,24317.8,2912.9,2.394,102.02,636.07,583.99097,1322.148,249.061325,0,Low
Estonia,2019,4240.1,2502.0,4458.6,167918.0,1473.2,,,23567.6,194.0,26468.8,5069.9,2.194,102.83,745.15,778.66614,1327.039,313.02809,0,Low
Estonia,2020,4292.2,2480.0,4411.5,153144.0,1439.9,,,26150.9,209.0,28521.3,5001.9,3.598,92.17,766.86,793.3733,1329.444,294.243076,0,Low
Estonia,2021,3261.8,2558.0,3502.4,195896.0,1396.2,,,21308.7,209.0,31810.8,4090.4,2.135,86.24,885.92,758.8912,1328.701,353.963597,0,Low
Finland,2000,3550.6,2485.0,3498.7,188103.0,2205.0,14920.0,67292.0,24385.1,183.0,24149.9,3600.7,2.031,423.7,3608.08,751.7471,5176.209,1572.690888,0,Medium
Finland,2001,3263.9,2563.0,3164.4,176515.0,2255.2,15672.0,71297.0,24426.7,188.0,24377.7,3381.1,1.377,416.07,4077.46,658.8836,5188.002,1585.668137,0,Medium
Finland,2002,3327.0,2676.0,3295.0,170246.0,2267.1,16790.0,71971.0,26177.9,190.0,24886.7,3258.5,1.179,416.99,4731.01,566.95374,5200.596,1660.154565,0,Medium
Finland,2003,3205.7,2771.0,3178.0,186340.0,1929.3,17899.0,72050.0,21512.2,188.0,24370.6,3549.4,0.717,394.24,4735.83,623.7296,5212.989,1907.375656,0,Medium
Finland,2004,3243.1,2847.0,3210.6,188661.0,2036.8,17958.0,74670.0,22688.6,184.0,24717.2,3473.8,1.239,378.51,4765.83,747.8675,5228.141,2088.494037,0,Medium
Finland,2005,3540.2,2831.0,3422.9,186061.0,2278.4,17776.0,76334.0,25699.0,183.0,28816.9,3730.4,2.209,381.46,4956.24,711.1519,5246.071,2018.355469,0,Medium
Finland,2006,3499.7,2867.0,3293.8,182726.0,2290.2,17634.0,77984.0,20560.7,184.0,26217.2,3557.5,1.21,372.56,5254.09,608.1205,5266.251,1456.455311,0,Medium
Finland,2007,3721.0,2942.0,3654.7,181876.0,2187.6,18813.0,79563.0,25699.6,192.0,27202.9,3932.9,1.952,373.03,4064.95,749.01483,5288.689,2037.946314,0,Medium
Finland,2008,3635.5,2978.0,3542.3,182759.0,2484.7,19293.0,79885.0,26122.1,185.0,26365.7,3640.8,2.135,349.67,3806.2,794.3022,5313.35,1885.231691,0,Medium
Finland,2009,3864.4,3010.0,3760.4,184211.0,2721.1,19408.0,80402.0,28609.8,184.0,28646.2,4102.7,1.699,322.91,4804.83,608.668,5338.815,2042.11094,0,Medium
Finland,2010,3210.8,3076.0,3135.3,181202.0,2439.2,17571.0,80744.0,26154.8,191.0,27469.9,3429.9,0.243,314.32,3806.97,651.86316,5363.271,2124.376828,0,Medium
Finland,2011,3505.3,3055.0,3521.7,190073.0,3145.6,17671.0,80577.0,27594.3,195.0,29011.7,3846.9,1.352,317.77,4043.94,754.558,5388.166,1965.649091,0,Medium
Finland,2012,3504.0,3013.0,3533.6,196091.0,3219.5,17643.0,80978.0,23652.2,196.0,25968.8,3902.8,1.539,312.33,4283.01,849.9463,5413.859,1901.596001,0,Medium
Finland,2013,3851.5,2993.0,3689.5,194930.0,3174.0,17595.0,82221.0,28131.2,194.0,28462.8,3821.5,1.426,308.35,3274.71,692.63226,5438.872,1874.769682,0,Medium
Finland,2014,3732.7,3025.0,3691.4,184088.0,3231.7,17583.0,84138.0,27286.4,198.0,29777.2,4069.6,2.591,305.75,3505.66,680.9275,5461.44,1874.674776,0,Medium
Finland,2015,3474.3,3055.0,3613.9,198804.0,3538.5,17675.0,85424.0,24296.8,201.0,26770.2,4103.0,2.614,304.81,4009.55,831.87006,5479.461,1386.333473,0,Medium
Finland,2016,3626.3,3044.0,3573.3,201639.0,3177.3,18137.0,86021.0,27078.3,200.0,26589.2,3830.3,2.153,295.0,4591.6,769.3875,5495.219,1467.863315,0,Medium
Finland,2017,4075.1,3094.0,3957.9,196343.0,3397.3,17855.0,87497.0,28863.2,202.0,22616.1,4127.6,1.488,284.81,4365.91,771.7615,5508.14,1499.086921,0,Medium
Finland,2018,3340.4,3133.0,3052.7,169834.0,1908.2,,90953.0,28051.4,205.0,22486.7,2821.1,2.16,294.23,4901.62,611.7351,5515.461,1587.202861,0,Medium
Finland,2019,4277.4,3222.0,4257.5,176019.0,4184.8,17567.0,91695.0,28920.6,207.0,25025.7,4626.4,1.454,306.62,4034.15,769.56396,5521.537,1785.561843,0,Medium
Finland,2020,3565.3,3290.0,3589.3,180244.0,3275.6,18023.0,94144.0,30164.3,205.0,24929.9,3453.8,3.321,276.7,4916.94,830.87866,5529.468,1922.316051,0,Medium
Finland,2021,2694.9,3297.0,2777.3,184268.0,4291.4,17984.0,93142.0,27486.0,206.0,24162.9,3235.2,1.942,303.01,4099.76,773.20557,5535.992,1719.209386,0,Medium
France,2000,6330.0,2790.0,7231.5,201387.0,11195.0,19693.0,36555.0,39598.7,170.0,22616.4,7117.5,1.173,3605.83,97878.0,1206.9763,58665.453,26045.677443,1,High
France,2001,5747.2,2687.0,6729.2,203980.0,10446.0,19390.0,36504.0,37438.5,171.0,22372.4,6616.9,1.393,3622.26,99694.0,1115.8035,59014.772,25719.680361,1,High
France,2002,6687.6,2742.0,7453.0,187821.0,10284.4,19936.0,37463.0,42380.4,171.0,22544.3,7445.5,1.055,3603.96,82448.0,1139.3085,59372.786,26865.517127,1,High
France,2003,5599.5,2764.0,6125.3,185986.0,9373.3,19473.0,37482.0,40360.8,171.0,21749.8,6250.0,1.8,3478.15,74531.0,927.7132,59728.262,31016.862592,1,High
France,2004,6765.7,2808.0,7518.7,173693.0,10862.9,19746.0,37737.0,45416.2,171.0,23543.5,7578.8,0.974,3489.37,76099.0,982.6951,60108.438,35084.713142,1,High
France,2005,6436.2,2855.0,6965.4,156765.0,10111.1,19106.0,38830.0,42222.7,172.0,23359.0,6988.7,1.021,3405.32,78265.0,935.4893,60510.079,33439.038949,1,High
France,2006,6237.9,2853.0,6800.5,185375.0,9737.3,19673.0,38773.0,40190.9,174.0,23549.8,6741.4,1.312,3430.36,71612.0,1101.4471,60919.15,31328.215739,1,High
France,2007,5577.0,2921.0,6520.6,179083.0,9459.2,19447.0,38994.0,45334.7,174.0,21980.0,6254.2,1.407,3387.4,77255.0,1087.1388,61329.376,37892.935963,1,High
France,2008,6764.4,2940.0,7252.8,172691.0,9372.3,18772.0,40139.0,43519.4,174.0,22175.7,7101.8,0.991,2830.34,78577.0,1164.2639,61721.009,39563.498628,1,High
France,2009,6836.3,2939.0,7412.4,165080.0,10019.8,18496.0,39069.0,43785.6,173.0,20957.0,7447.8,1.207,2945.89,63676.0,977.41437,62093.296,32134.768884,1,High
France,2010,6385.2,2964.0,7068.6,167602.0,9949.3,18403.0,40192.0,42156.6,170.0,21466.0,7040.5,0.391,2908.58,61903.0,1120.5485,62444.567,38592.404231,1,High
France,2011,5680.9,3021.0,6919.3,163254.0,10837.7,18227.0,42820.0,46899.1,170.0,21660.4,6656.3,1.526,2960.09,61351.89,953.65466,62775.268,42678.495564,1,High
France,2012,6738.6,3018.0,7254.5,157841.0,8956.1,18205.0,42601.0,41376.9,169.0,21483.5,7151.2,1.212,2915.01,63844.29,1103.3868,63071.416,40234.173766,1,High
France,2013,6307.9,3007.0,7084.8,161008.0,9476.4,17854.0,42248.0,43156.0,170.0,22046.3,7265.6,0.705,2991.89,66757.42,1207.9475,63335.18,37093.088254,1,High
France,2014,6647.5,3040.0,7579.1,161194.0,10445.0,18424.0,44511.0,47977.9,170.0,21903.1,7353.0,2.036,2827.81,74873.62,1131.1866,63588.491,39392.051504,1,High
France,2015,7123.7,3088.0,7590.5,161599.0,10670.1,17465.0,45045.0,42505.2,171.0,22051.8,7800.8,1.586,2899.44,66629.33,950.7198,63809.769,34650.573366,1,High
France,2016,5444.0,3101.0,5690.9,136543.0,10797.0,18328.0,46356.0,38826.7,171.0,23360.0,5289.6,1.764,2920.53,72076.25,1095.1658,63989.319,31263.165694,1,High
France,2017,6345.2,3073.0,7306.7,142941.0,9614.9,18136.0,46393.0,44046.0,172.0,23178.3,7253.8,1.764,2877.91,70458.87,1052.87,64144.086,35712.611031,1,High
France,2018,6246.0,3156.0,6829.1,,10464.2,18583.0,41829.0,39388.6,178.0,22884.8,6768.0,2.007,2866.06,83983.13,1226.1344,64277.808,41397.179387,1,High
France,2019,6977.4,3142.0,7491.9,,9607.6,18778.0,41928.0,41322.7,179.0,22506.2,7742.8,1.968,2853.07,54303.71,1078.5052,64399.759,37378.134406,1,High
France,2020,5205.9,3198.0,6394.9,,9884.7,18880.0,43052.0,40764.2,180.0,22226.1,6677.6,2.494,2747.65,64789.22,1137.014,64480.053,37820.659464,1,High
France,2021,6542.7,3195.0,7171.3,,8571.8,18905.0,42641.0,42474.7,181.0,23026.8,6928.4,1.284,2774.11,69697.52,1272.5216,64531.444,,1,High
Germany,2000,5855.0,3041.0,6452.9,179125.0,17821.1,17338.0,60766.0,43343.7,221.0,31080.2,7282.6,1.765,4440.02,35273.17,918.172,81551.677,17565.860846,1,High
Germany,2001,6390.0,3125.0,7055.2,177756.0,15560.3,17985.0,61830.0,40775.8,209.0,30550.4,7882.7,1.293,4380.83,33423.49,1008.4868,81514.568,19222.199354,1,High
Germany,2002,5546.2,3081.0,6251.5,178601.0,16030.2,18522.0,62352.0,39122.6,213.0,28927.6,6905.6,1.492,4332.7,34431.72,1062.0842,81443.427,16604.369042,1,High
Germany,2003,5107.2,3090.0,5764.5,181319.0,12816.0,17839.0,64893.0,34517.7,216.0,28136.1,6498.5,1.261,4089.57,35539.26,637.5993,81346.81,18543.302976,1,High
Germany,2004,6563.8,3038.0,7355.3,183521.0,14464.7,18039.0,65372.0,44175.6,218.0,30612.3,8171.6,1.004,4007.32,34930.37,861.1517,81266.673,24371.558238,1,High
Germany,2005,5965.6,3093.0,6723.2,183603.0,15270.7,17791.0,67120.0,41979.8,219.0,30112.0,7465.1,1.031,4214.61,36386.27,843.92554,81212.168,18100.532259,1,High
Germany,2006,5908.6,3135.0,6486.6,187898.0,14595.7,17624.0,68080.0,36568.0,198.0,29243.9,7200.7,1.263,4292.44,38540.15,813.86896,81177.817,19204.887468,1,High
Germany,2007,5417.3,3192.0,6182.9,189667.0,16423.8,17031.0,69209.0,42347.0,212.0,30900.9,6961.1,2.098,4395.89,40740.64,1040.094,81183.83,22621.340952,1,High
Germany,2008,6100.4,3142.0,7118.8,191080.0,15568.8,17014.0,67393.0,43760.6,197.0,30386.5,8087.3,1.55,3708.17,43413.01,870.26526,81217.482,27380.536723,1,High
Germany,2009,6543.6,3137.0,7201.4,190463.0,15621.3,17275.0,68990.0,44304.5,208.0,32462.4,7809.1,1.287,3610.7,39289.43,900.0743,81260.615,20662.828652,1,High
Germany,2010,6291.8,3168.0,6685.2,198323.0,12329.8,20196.0,70197.0,39875.8,204.0,31101.7,7212.0,0.2,3544.76,40832.42,970.4147,81325.09,24844.878375,1,High
Germany,2011,5465.1,3147.0,6458.3,199566.0,14505.2,20186.0,71692.0,45756.5,204.0,33371.9,7013.9,1.126,3594.37,44429.92,791.7729,81423.378,30126.97814,1,High
Germany,2012,6193.4,3137.0,6964.9,183406.0,14420.3,20642.0,72501.0,44757.0,201.0,34241.4,7331.2,1.354,3576.62,46204.26,894.59076,81545.565,25612.442354,1,High
Germany,2013,6586.6,3171.0,7318.0,180741.0,13043.5,20753.0,72833.0,39825.8,200.0,31286.0,7997.9,0.588,3496.04,43525.08,908.7223,81680.591,30816.858588,1,High
Germany,2014,7347.5,3168.0,8050.3,177941.0,15555.8,21383.0,74880.0,47415.4,200.0,33817.3,8629.6,2.518,3561.3,46078.29,858.37024,81858.825,30225.648087,1,High
Germany,2015,7171.0,3161.0,7497.8,199452.0,14504.5,21577.0,75768.0,43811.6,300.0,31246.4,8087.7,1.67,3509.89,47850.64,802.5679,82073.226,18693.320554,1,High
Germany,2016,6685.7,3174.0,7182.1,202560.0,14719.2,22143.0,77019.0,44402.7,286.0,31976.5,7640.9,1.982,3462.59,46889.4,837.37,82331.423,19985.949042,1,High
Germany,2017,6930.2,3203.0,7269.9,203653.0,10567.0,22168.0,77216.0,46786.4,289.0,32372.0,7644.3,1.645,3464.05,48306.98,952.8395,82624.374,27225.316352,1,High
Germany,2018,5766.3,3226.0,6178.9,180769.0,17165.8,22635.0,,35371.9,203.0,29321.5,6673.7,2.385,3449.33,44960.61,662.6127,82896.696,22781.793449,1,High
Germany,2019,6783.4,3253.0,6952.0,195438.0,14243.1,22999.0,,39036.1,214.0,33221.3,7396.4,2.322,3389.82,45180.98,852.1982,83148.141,27931.327319,1,High
Germany,2020,6459.1,3328.0,7133.3,196484.0,14523.0,23429.0,,42834.0,236.0,33344.9,7819.5,2.506,3026.14,47973.6,820.91364,83328.988,25912.171171,1,High
Germany,2021,6762.7,3306.0,6998.1,197028.0,14268.2,23098.0,,43794.4,204.0,34993.7,7301.5,1.315,3057.96,48712.16,988.0402,83408.554,,1,High
Greece,2000,2416.7,2064.0,3868.8,78786.0,16430.2,16204.0,1846.0,20722.8,105.0,29803.5,2666.6,0.704,1547.6,10627.0,523.7331,11038.109,6610.825958,1,High
Greece,2001,2393.0,2145.0,3847.6,72410.0,16893.1,16265.0,1772.0,20462.6,106.0,29326.4,2509.6,1.348,1474.47,10725.0,705.389,11072.182,6561.611977,1,High
Greece,2002,2496.3,2058.0,3747.2,72730.0,15744.1,16121.0,1772.0,19388.5,108.0,28406.5,2343.2,0.486,1449.1,12753.66,881.08624,11096.617,7118.585606,1,High
Greece,2003,2168.5,2093.0,3693.6,74219.0,15268.6,15671.0,1781.0,20666.1,109.0,28647.4,2007.6,0.435,1437.41,12356.32,882.2302,11110.487,9339.412983,1,High
Greece,2004,2488.6,2103.0,4017.4,77724.0,15122.9,15781.0,1857.0,20263.8,105.0,30233.4,2475.7,0.386,1279.0,13144.98,741.5716,11115.091,9434.709728,1,High
Greece,2005,2540.5,2073.0,4049.8,79650.0,16020.7,15768.0,1775.0,20068.0,105.0,29021.7,2405.8,0.243,1309.6,13958.64,839.6626,11113.448,9686.096602,1,High
Greece,2006,2413.1,2091.0,3918.9,77846.0,15399.0,15698.0,1802.0,19841.2,108.0,28066.4,2285.9,0.286,1293.72,7505.3,770.0703,11106.093,7751.701759,1,High
Greece,2007,2303.7,2070.0,3929.9,74701.0,15016.7,16081.0,1794.0,20638.8,106.0,27135.2,2235.3,1.096,1262.26,7345.7,689.73315,11091.493,8570.48947,1,Medium
Greece,2008,2743.0,2064.0,4515.8,81960.0,15264.6,16422.0,1814.0,20114.8,106.0,27453.6,2776.9,0.881,1158.39,5130.8,582.88776,11073.623,8827.54832,1,Medium
Greece,2009,2669.6,2073.0,4266.2,90788.0,15555.7,16436.0,1875.0,20700.7,106.0,28542.4,2743.6,0.761,1186.75,3404.4,953.28815,11055.496,8199.629711,1,Medium
Greece,2010,2575.9,2094.0,4064.9,89491.0,15575.5,16647.0,1883.0,20683.5,107.0,28293.4,2604.4,1.574,1180.51,5607.7,911.37787,11033.783,7840.357033,1,Medium
Greece,2011,2632.7,2064.0,4344.1,93000.0,15420.8,14742.0,1876.0,20216.0,106.0,27262.3,2700.4,0.387,1092.92,8189.8,695.399,11004.725,7736.950515,1,Medium
Greece,2012,2629.1,2103.0,4206.7,90000.0,15561.3,15401.0,1883.0,19916.5,107.0,27040.7,2665.0,1.22,1007.65,8002.2,842.53253,10963.635,7426.979985,1,Medium
Greece,2013,2779.8,2053.0,4393.3,112929.0,15306.8,16159.0,2031.0,20678.7,105.0,27407.1,2777.7,1.309,1008.77,10564.29,774.2311,10914.505,7155.533824,1,Medium
Greece,2014,2832.3,2231.0,4286.5,112239.0,17444.7,16566.0,2033.0,23579.6,109.0,28579.2,2746.6,1.037,1032.15,3907.84,904.3041,10862.969,7506.274754,1,Medium
Greece,2015,2781.7,2283.0,4214.9,133212.0,14636.5,18945.0,2093.0,24783.1,107.0,30337.0,2905.0,0.87,1066.01,4179.7,865.68,10806.641,6853.84526,1,Medium
Greece,2016,2879.5,2331.0,4223.5,113473.0,15157.0,18933.0,2039.0,23704.1,108.0,31127.5,2892.8,1.545,1073.38,4706.65,760.97797,10749.742,6081.970523,1,Medium
Greece,2017,2911.7,2291.0,4317.2,112288.0,15501.7,16886.0,2060.0,25236.5,109.0,29211.1,2928.4,0.604,1084.95,4523.33,778.0223,10692.228,6978.155854,1,Medium
Greece,2018,2667.5,,3799.6,,18284.8,16299.0,1926.0,27675.0,105.0,30631.8,2652.6,1.851,1094.27,4860.47,913.3514,10633.271,6950.912835,1,Medium
Greece,2019,2765.2,,4043.5,,16363.4,16912.0,2208.0,29480.3,113.0,32023.0,2793.9,1.309,1104.55,4867.46,872.42957,10574.024,7093.110278,1,Medium
Greece,2020,2910.7,,4197.1,,15724.8,16903.0,2396.0,28648.4,108.0,32971.3,3077.3,1.238,1037.73,4901.42,722.4182,10512.232,7002.4027,1,Medium
Greece,2021,2928.0,,4194.7,,16534.3,16716.0,2520.0,30885.1,113.0,31174.6,2820.3,1.587,1064.0,4711.8,900.7059,10445.365,7156.800391,1,Medium
Hungary,2000,2773.0,2251.0,3632.7,119472.0,9589.4,22817.0,43696.0,18473.6,128.0,17775.5,3604.4,1.768,822.76,4151.0,517.381,10202.055,2192.100173,1,Medium
Hungary,2001,3535.4,2033.0,4884.9,129170.0,9016.3,23216.0,46789.0,25049.9,132.0,18795.9,4310.5,1.423,819.52,5458.0,741.9042,10177.955,2485.043108,1,Medium
Hungary,2002,2823.2,1831.0,3963.2,116050.0,8190.2,22975.0,49956.0,22122.2,126.0,15828.2,3521.2,1.454,828.0,8231.5,675.29785,10148.401,2694.516971,1,Medium
Hungary,2003,2377.4,2645.0,3038.9,115644.0,7597.1,22328.0,46147.0,18586.9,126.0,16203.0,2640.8,0.741,768.01,8725.5,492.19025,10118.062,3124.280747,1,Medium
Hungary,2004,4268.8,2641.0,5589.9,119725.0,10197.7,23471.0,43641.0,25321.0,130.0,19225.0,5117.4,0.581,738.22,9940.5,746.81366,10094.493,4296.403954,1,Medium
Hungary,2005,3756.9,2642.0,5526.6,109320.0,7283.4,23250.0,41476.0,25877.6,128.0,17997.9,4500.0,0.264,735.61,9676.0,822.9804,10073.525,4002.084351,1,Medium
Hungary,2006,3674.4,2643.0,5097.3,108778.0,9524.2,24992.0,38888.0,24994.2,139.0,19176.3,4071.9,0.724,735.41,11523.0,650.9223,10057.063,3892.63273,1,Medium
Hungary,2007,3166.1,2629.0,3492.0,109506.0,8836.8,25718.0,44330.0,22169.3,146.0,19547.5,3587.5,2.165,721.93,11178.0,653.1936,10041.172,4624.605289,1,Medium
Hungary,2008,4451.7,2564.0,5800.2,129962.0,9560.9,25239.0,46026.0,26901.2,165.0,19742.0,5002.4,1.514,624.27,12084.0,627.1158,10023.51,5160.84944,1,Medium
Hungary,2009,3316.0,2590.0,4715.2,119846.0,10094.3,24954.0,46151.0,25108.2,173.0,18306.0,3854.6,1.63,616.18,11144.0,687.4096,10008.579,3759.22079,1,Medium
Hungary,2010,3357.6,2528.0,4719.0,114415.0,7566.7,24083.0,48302.0,21731.9,175.0,16311.3,3703.8,0.822,597.95,10299.5,1044.866,9986.825,3749.790208,1,Medium
Hungary,2011,3785.4,2571.0,5105.1,112067.0,7317.3,24580.0,45449.0,28571.4,175.0,18455.1,4199.4,0.904,610.54,8473.26,469.67142,9953.245,5361.040511,1,Medium
Hungary,2012,3616.6,2590.0,3761.1,117706.0,9085.8,24287.0,63362.0,21838.5,181.0,16552.5,3748.5,1.745,619.44,8141.23,568.4319,9922.127,4708.198056,1,Medium
Hungary,2013,4053.4,2556.0,4831.5,117214.0,10022.1,23897.0,59469.0,23263.0,170.0,17855.4,4638.6,1.173,621.97,7766.89,782.6166,9894.639,5013.849214,1,Medium
Hungary,2014,4423.8,2494.0,5897.0,107494.0,11005.7,24073.0,65633.0,27046.2,169.0,17990.5,4728.8,2.216,661.08,8999.08,880.78546,9867.901,5258.960598,1,Medium
Hungary,2015,4758.6,2532.0,5243.4,122541.0,9005.6,23988.0,68304.0,24126.4,165.0,17887.2,5179.6,2.056,682.71,9489.18,613.86597,9844.246,4478.21861,1,Medium
Hungary,2016,5091.9,2562.0,6486.6,116918.0,9097.5,24065.0,69703.0,26165.9,158.0,16486.3,5365.4,1.885,707.58,9763.86,788.9829,9815.104,4726.382656,1,Medium
Hungary,2017,5283.4,2546.0,5835.5,122428.0,9305.7,24081.0,70971.0,24618.2,167.0,16561.8,5428.7,1.327,718.68,9754.22,710.6444,9788.941,5076.231021,1,Medium
Hungary,2018,4691.6,2570.0,6286.2,,11071.1,24205.0,68794.0,24247.2,165.0,17574.2,5124.4,2.511,707.39,8535.05,709.47687,9776.358,5265.771895,1,Medium
Hungary,2019,5591.9,2619.0,6365.8,,9326.3,24067.0,68549.0,25849.5,170.0,18836.7,5294.9,2.332,705.06,7814.98,732.61285,9771.796,5138.949288,1,Medium
Hungary,2020,5677.4,2615.0,6659.1,,8597.5,23826.0,69002.0,26298.9,172.0,19366.8,5468.0,1.956,682.95,8679.09,736.68964,9750.573,5039.373608,1,Medium
Hungary,2021,6372.2,2606.0,5920.0,,9496.2,23462.0,62745.0,27347.8,168.0,20858.0,5925.4,1.408,686.3,8878.59,625.41846,9709.786,5991.66918,1,Medium
Ireland,2000,7185.4,3059.0,7795.7,93383.0,12011.7,15726.0,43820.0,33688.9,201.0,31198.0,9453.8,0.548,405.6,1942.21,1202.303,3768.95,2296.716941,0,Medium
Ireland,2001,7017.6,3061.0,7580.9,87594.0,15831.3,14383.0,45512.0,33398.6,200.0,31635.7,9060.1,0.522,385.73,2333.67,904.6849,3829.018,1961.474802,0,Medium
Ireland,2002,5470.5,3031.0,6567.1,92850.0,13605.7,13967.0,46113.0,33675.3,201.0,31207.7,8444.0,0.802,382.01,2614.27,1285.4817,3894.258,2004.414852,0,Medium
Ireland,2003,6541.2,3048.0,7100.7,86702.0,12303.3,13806.0,45951.0,34380.3,200.0,31041.0,8297.8,0.995,388.41,2719.41,944.67303,3958.705,2187.110155,0,Medium
Ireland,2004,7221.6,3106.0,8077.9,86326.0,18809.9,14246.0,45566.0,41518.8,201.0,29415.1,9924.1,0.865,376.05,2978.49,1033.8684,4031.954,2792.031258,0,Medium
Ireland,2005,6231.1,3240.0,6904.7,94841.0,16852.1,14231.0,47969.0,34678.0,203.0,33608.0,8431.7,1.147,380.85,2624.89,1026.7563,4121.216,1954.189097,0,Medium
Ireland,2006,6807.8,3029.0,7465.2,92185.0,18976.3,13572.0,48164.0,33295.7,202.0,33234.9,9154.3,1.135,392.31,2766.64,1152.6091,4234.806,1856.932713,0,Medium
Ireland,2007,6713.4,3279.0,7188.8,91105.0,16838.5,13623.0,47942.0,34102.6,202.0,33129.6,8462.6,1.326,408.55,3083.02,1082.4647,4359.834,2479.015637,0,Medium
Ireland,2008,6912.9,3227.0,7644.9,111051.0,17242.4,13369.0,46475.0,30794.6,201.0,31790.3,8968.4,0.818,329.21,2790.17,1214.7668,4452.392,2140.824341,0,Medium
Ireland,2009,6339.4,3215.0,6887.1,111081.0,15621.8,13041.0,47673.0,27549.2,202.0,32287.6,8166.9,0.785,310.33,2268.1,1332.818,4499.792,1078.930059,0,Medium
Ireland,2010,6997.1,3257.0,7456.3,118421.0,20037.8,13062.0,49748.0,34393.4,200.0,30433.7,8601.5,-0.127,298.59,2529.2,918.2538,4524.585,1796.421033,0,Medium
Ireland,2011,7818.4,3331.0,8441.5,117949.0,19568.1,12807.0,49572.0,34240.4,200.0,33512.8,9864.1,0.536,296.23,3713.76,1133.7546,4544.501,2678.736101,0,Medium
Ireland,2012,6538.9,3339.0,6741.2,116250.0,17850.5,12756.0,47228.0,25777.8,199.0,32229.9,7223.5,0.683,294.52,2801.78,1142.706,4564.55,2026.813709,0,Medium
Ireland,2013,7578.9,3258.0,7802.1,117500.0,19940.5,12500.0,48003.0,38327.1,200.0,34716.0,8998.3,0.565,312.92,2913.01,1032.3745,4588.832,2383.108859,0,Medium
Ireland,2014,8026.0,3329.0,8471.4,114286.0,22501.3,12213.0,47425.0,40315.8,203.0,36667.7,10014.0,1.368,314.49,3353.14,1204.0597,4622.167,3011.756749,0,Medium
Ireland,2015,8575.9,3388.0,9008.2,115000.0,21960.2,12235.0,50819.0,42364.7,206.0,37295.0,10667.7,0.447,317.08,3503.61,1278.5177,4665.76,2432.828694,0,Medium
Ireland,2016,7821.9,3373.0,8222.8,115000.0,22852.5,12205.0,49012.0,39111.1,211.0,38452.0,9539.0,1.034,331.88,3112.53,1039.1006,4715.788,2659.665039,0,Medium
Ireland,2017,8357.0,3332.0,8783.6,115000.0,22761.0,16240.0,52197.0,44931.4,211.0,37207.7,10167.2,1.254,338.25,2942.02,1063.9592,4771.854,3739.832661,0,Medium
Ireland,2018,6379.6,3283.0,6839.5,,27416.7,15913.0,57200.0,33172.5,212.0,51261.3,8373.2,0.769,347.73,2651.36,1056.1262,4834.507,3216.20532,0,Medium
Ireland,2019,8249.3,3346.0,8505.2,,28021.3,15786.0,57828.0,44102.7,217.0,54196.5,9378.7,1.182,334.73,2971.77,1193.9227,4896.019,3377.236339,0,Medium
Ireland,2020,6975.2,3366.0,7124.8,,28118.3,15907.0,58799.0,33762.7,213.0,52991.5,7765.9,1.05,305.86,2909.82,1285.2833,4946.119,3756.007474,0,Medium
Ireland,2021,8190.1,3317.0,8606.5,,24494.6,16068.0,60056.0,45632.7,213.0,53535.5,10076.7,0.989,316.53,3090.94,1103.3082,4986.526,4833.457217,0,Medium
Italy,2000,3653.3,2602.0,4993.9,108407.0,13546.4,20857.0,14012.0,25069.5,93.0,27030.6,3213.3,1.202,3897.56,79447.0,1009.0866,56966.397,27127.5819,1,High
Italy,2001,3380.5,2660.0,4821.4,115524.0,13741.9,20895.0,13418.0,25091.0,92.0,25360.3,2801.3,1.495,3957.63,75978.0,842.95374,56994.993,26933.539745,1,High
Italy,2002,3472.1,2617.0,4959.2,121443.0,12581.7,22771.0,13469.0,24099.7,91.0,23841.9,3124.7,0.877,3996.98,94211.0,1140.3444,57107.577,27660.67846,1,High
Italy,2003,3295.8,2676.0,4307.2,122449.0,12065.2,21570.0,13518.0,21770.0,92.0,25159.0,2748.2,1.489,3954.57,86058.0,868.064,57425.175,33948.013666,1,High
Italy,2004,3793.7,2727.0,5444.4,124861.0,14708.8,22203.0,14583.0,25148.5,89.0,27223.3,3669.8,0.71,3883.01,83810.0,1054.0092,57860.661,38847.106591,1,High
Italy,2005,3794.6,2699.0,5361.4,124808.0,14778.0,22782.0,16362.0,25081.9,90.0,26476.0,3635.2,0.534,3743.39,84647.0,979.4761,58199.876,34287.668507,1,High
Italy,2006,3877.0,2742.0,5316.1,122413.0,14651.7,22706.0,14013.0,24607.0,89.0,25644.2,3729.5,0.826,3810.75,74349.0,831.39636,58429.903,34016.573819,1,High
Italy,2007,3554.8,2821.0,5174.0,124828.0,14170.5,21926.0,13859.0,25630.4,89.0,25594.7,3413.7,1.532,3768.74,80454.0,846.328,58778.482,37775.230535,1,High
Italy,2008,3746.8,2763.0,5353.0,123586.0,13951.8,22369.0,14663.0,22724.2,92.0,25903.3,3868.9,1.125,3370.62,79643.0,1133.4637,59224.228,41027.299738,1,High
Italy,2009,3419.8,2749.0,5086.9,123586.0,14505.5,22174.0,13612.0,24835.2,92.0,27715.5,3585.9,1.213,3237.38,74172.0,1122.5974,59562.841,35536.064411,1,High
Italy,2010,3622.3,2784.0,5322.5,123586.0,14183.3,22465.0,13613.0,24968.4,91.0,25913.2,3742.1,0.728,3228.34,71613.0,1322.8486,59822.45,34141.94073,1,High
Italy,2011,3520.8,2796.0,5677.2,123103.0,14862.1,22473.0,13702.0,24915.8,89.0,26693.9,3833.5,1.221,3281.59,70690.0,878.0085,60025.952,39119.753222,1,High
Italy,2012,3820.1,2782.0,5315.1,122621.0,13947.1,22693.0,14125.0,25451.1,89.0,28469.7,4129.3,1.512,3345.25,61889.0,1010.26935,60190.145,37608.043992,1,High
Italy,2013,3690.1,2786.0,5264.6,129091.0,14748.3,22781.0,13802.0,25248.3,112.0,25476.4,3844.1,0.974,3268.84,55455.01,1195.0719,60312.599,42283.491684,1,High
Italy,2014,3637.4,2739.0,5717.5,129800.0,14340.8,22820.0,14910.0,26083.4,101.0,26037.1,3810.7,1.618,3363.52,59235.42,1240.2909,60322.791,39563.200156,1,High
Italy,2015,3932.3,2907.0,5402.2,117800.0,15944.1,22730.0,15143.0,27156.1,121.0,27402.6,3928.0,1.704,3418.43,63084.97,954.5828,60232.906,34794.973861,1,High
Italy,2016,4011.4,2845.0,5599.0,115872.0,16215.4,23139.0,14491.0,28437.4,107.0,27365.3,4203.0,1.71,3516.72,59963.87,1075.6913,60118.626,32961.44041,1,High
Italy,2017,3928.9,2853.0,5174.8,121283.0,14730.9,22768.0,15515.0,27731.3,117.0,26916.7,3856.2,1.611,3578.83,56451.02,850.35156,60004.032,35485.658082,1,High
Italy,2018,3966.0,2890.0,5350.8,,16211.4,22653.0,16457.0,28162.8,128.0,30971.9,3899.9,1.843,3601.9,54038.54,1212.4795,59877.425,37240.573799,1,High
Italy,2019,4227.0,2826.0,5336.2,,15496.2,22665.0,17054.0,28592.8,115.0,30936.9,3840.9,1.695,3687.82,48405.28,1170.8456,59727.932,35176.687783,1,High
Italy,2020,4265.8,,5626.5,,15757.5,22879.0,17319.0,30298.8,104.0,32753.8,3924.8,1.889,3521.14,56372.59,981.3541,59500.579,34930.412964,1,High
Italy,2021,4337.3,,5562.8,,15266.7,22428.0,18627.0,29167.7,109.0,33695.1,4224.8,1.579,3474.44,50177.3,990.3465,59240.329,,1,High
Latvia,2000,1935.5,1229.0,2199.0,120605.0,3915.9,14194.0,39284.0,14563.4,198.0,10565.6,2703.4,2.008,385.07,284.72,703.1801,2392.53,215.76836,0,Medium
Latvia,2001,1773.6,1329.0,2091.5,137133.0,3503.3,15197.0,40418.0,11167.0,189.0,11657.4,2708.0,1.813,317.83,367.4,816.82135,2359.249,238.863073,0,Medium
Latvia,2002,1916.7,1496.0,2478.3,148701.0,4628.0,15703.0,37861.0,14335.8,185.0,11483.0,3384.4,1.712,337.71,335.31,677.1986,2326.144,256.586035,0,Medium
Latvia,2003,1859.7,1591.0,2176.0,133841.0,3478.1,15462.0,37272.0,13534.8,212.0,14003.3,2791.4,0.238,302.53,477.63,703.4344,2294.342,280.73913,0,Medium
Latvia,2004,2227.0,1629.0,2426.2,158294.0,1483.3,15467.0,40388.0,12850.7,209.0,12572.1,2942.3,1.015,293.83,594.46,767.5202,2263.443,386.635433,0,Medium
Latvia,2005,2460.0,1719.0,2802.9,171865.0,3852.6,15908.0,41767.0,14594.2,175.0,12586.1,3609.9,1.353,278.76,723.54,678.6274,2233.157,407.959023,0,Medium
Latvia,2006,1990.9,1806.0,2264.0,168520.0,3159.9,15529.0,41777.0,12215.1,214.0,11808.0,2781.5,1.089,283.72,743.57,611.2526,2203.913,423.788022,0,Medium
Latvia,2007,2412.3,1903.0,2941.6,185898.0,3296.3,15569.0,43973.0,15933.0,192.0,13105.5,3594.4,2.207,266.42,1113.49,799.85956,2176.053,565.933277,0,Low
Latvia,2008,2340.7,1858.0,3104.4,178491.0,4178.5,16602.0,44205.0,17814.8,231.0,14278.6,3856.6,2.4,227.12,1033.0,821.01666,2150.412,540.823135,0,Low
Latvia,2009,2537.3,1811.0,3075.3,221164.0,2418.0,16086.0,46192.0,17513.3,210.0,19261.0,3627.6,1.514,196.58,881.2,817.57227,2126.265,411.78573,0,Low
Latvia,2010,2274.9,1710.0,2775.5,211834.0,2447.9,15490.0,47521.0,16079.7,209.0,16854.6,3284.9,0.681,186.68,1027.5,857.85645,2101.53,461.869315,0,Low
Latvia,2011,2468.2,1721.0,2738.0,164404.0,1786.3,15606.0,48493.0,16801.3,199.0,18521.6,3061.3,1.142,192.29,1074.01,704.53845,2076.974,497.620005,0,Low
Latvia,2012,2880.6,1711.0,3767.5,182634.0,2273.4,16188.0,50190.0,19109.9,191.0,16849.9,4369.5,1.391,200.09,1281.04,917.7246,2053.636,505.580652,0,Low
Latvia,2013,2755.9,1682.0,3373.8,165578.0,3343.8,16106.0,52441.0,18164.8,183.0,16018.8,3885.7,1.061,194.0,1250.48,676.38257,2031.486,421.88419,0,Low
Latvia,2014,3543.1,1789.0,3486.5,168030.0,2661.1,16572.0,55721.0,18869.0,181.0,22367.7,3747.4,2.301,193.9,1422.56,773.6653,2011.039,517.374416,0,Low
Latvia,2015,3878.1,1825.0,4513.1,178188.0,2369.0,16776.0,55893.0,20050.0,186.0,23056.6,5030.4,2.14,194.68,1510.12,682.8981,1991.955,488.556116,0,Low
Latvia,2016,3000.0,1881.0,3828.4,199551.0,2583.2,17086.0,57608.0,21281.4,184.0,22919.0,4304.5,1.928,193.7,1724.62,820.62274,1973.476,441.65651,0,Low
Latvia,2017,3426.7,1953.0,4250.2,208199.0,1756.1,17443.0,61352.0,18990.7,160.0,19118.0,4786.9,1.487,183.49,1478.43,893.13416,1954.862,568.280467,0,Low
Latvia,2018,2589.2,1949.0,3026.3,,2746.0,16555.0,64196.0,19818.2,168.0,17261.1,3431.4,2.342,186.95,1586.99,557.9807,1935.63,544.13618,0,Low
Latvia,2019,3518.4,1957.0,4310.1,,2132.3,,66935.0,22370.0,165.0,27623.9,4812.3,2.44,178.86,1650.65,760.249,1916.555,673.732755,0,Low
Latvia,2020,3658.8,2000.0,4662.8,,2565.8,,68757.0,21305.9,171.0,27400.0,5338.4,3.532,167.25,1900.41,738.3027,1897.052,800.841796,0,Low
Latvia,2021,2892.8,2104.0,3900.2,,1753.2,16545.0,71296.0,15767.1,172.0,25409.1,4481.1,1.965,158.1,1984.43,785.1434,1873.919,,0,Low
Lithuania,2000,2433.7,1341.0,2707.5,148286.0,2907.0,21313.0,35700.0,16391.6,240.0,15422.5,3341.3,2.01,510.25,688.06,719.3284,3599.637,576.99261,0,Medium
Lithuania,2001,2313.6,1136.0,2505.0,127257.0,4301.3,16245.0,37885.0,10286.8,261.0,15515.6,3055.9,1.788,460.74,726.09,824.9768,3560.142,528.878599,0,Medium
Lithuania,2002,2386.6,1202.0,2765.9,131036.0,2554.9,16475.0,38776.0,15436.5,282.0,14251.5,3633.5,1.898,484.85,792.6,698.4542,3515.799,600.298906,0,Medium
Lithuania,2003,2918.6,1309.0,3037.0,134140.0,3973.9,16589.0,38842.0,15440.2,219.0,18999.2,3578.3,0.169,515.25,847.2,651.97296,3469.675,726.632458,1,Medium
Lithuania,2004,2939.5,1412.0,3254.9,102892.0,1646.1,16807.0,40250.0,12880.2,213.0,16482.1,4027.6,0.872,446.58,1023.6,801.9565,3422.591,820.652196,0,Medium
Lithuania,2005,2714.1,1694.0,2940.2,81476.0,3720.3,17523.0,41227.0,12098.7,222.0,16225.8,3733.2,1.2,413.22,1048.5,719.4313,3373.533,993.896828,0,Medium
Lithuania,2006,1940.0,1982.0,1929.4,77346.0,4349.9,17285.0,43418.0,7908.3,160.0,11657.1,2355.4,0.918,416.84,1197.0,639.5158,3322.932,1014.152518,0,Medium
Lithuania,2007,2657.8,2217.0,3007.1,76060.0,2125.5,17305.0,45783.0,10911.0,163.0,16287.7,3921.9,2.191,375.08,2722.82,823.1002,3272.418,1154.04365,0,Medium
Lithuania,2008,2918.5,2118.0,3348.2,73324.0,3736.9,16976.0,46605.0,14801.7,162.0,19233.7,4268.9,2.214,283.89,2722.55,761.06476,3224.378,1330.311638,0,Medium
Lithuania,2009,3093.7,2213.0,3449.6,60600.0,3516.8,17758.0,47045.0,14216.7,154.0,20523.7,4200.4,1.38,277.9,2748.8,750.25073,3180.479,782.939945,0,Medium
Lithuania,2010,2372.7,2250.0,2763.5,58446.0,1871.9,17887.0,47895.0,13030.1,132.0,14143.3,3304.5,0.734,264.56,1803.77,872.2831,3139.019,917.615815,0,Low
Lithuania,2011,3006.7,2288.0,3029.9,57299.0,2519.0,18251.0,49113.0,15588.9,146.0,21961.7,3391.9,0.937,269.32,2062.34,681.9612,3099.798,1268.742755,0,Low
Lithuania,2012,3414.2,2324.0,4015.3,54899.0,3267.7,18409.0,51001.0,17077.6,146.0,23511.0,4782.9,1.343,275.65,2559.9,851.6913,3063.341,1507.246789,0,Low
Lithuania,2013,3276.2,2325.0,3687.8,58976.0,2797.9,18842.0,51865.0,14860.6,154.0,19537.7,4302.2,0.939,277.81,2661.91,684.36383,3028.189,1384.098545,0,Medium
Lithuania,2014,3814.6,2373.0,3975.2,60154.0,2723.7,18990.0,55335.0,17161.2,144.0,21941.4,4563.0,2.206,300.86,2703.82,702.79987,2994.927,1353.009394,0,Medium
Lithuania,2015,4009.4,2401.0,4564.6,54433.0,3372.5,19576.0,53978.0,16983.2,144.0,18272.9,5238.4,2.073,298.76,2788.52,662.90204,2963.765,1226.686192,0,Medium
Lithuania,2016,3159.8,2403.0,3859.8,35189.0,3261.6,19184.0,52596.0,15898.5,144.0,18785.2,4366.1,1.929,279.84,3385.13,845.6997,2933.673,1104.300148,0,Medium
Lithuania,2017,3669.3,2475.0,4230.2,40895.0,3779.8,17177.0,53370.0,12249.8,151.0,16490.7,4824.7,1.525,280.75,3056.46,900.51917,2904.45,1399.229103,0,Medium
Lithuania,2018,2742.4,2473.0,3094.1,145269.0,4143.6,18804.0,59337.0,15505.6,141.0,19359.7,3673.1,2.408,270.51,2081.62,585.67725,2876.128,1195.889661,0,Low
Lithuania,2019,3367.0,2593.0,3801.6,131792.0,1854.6,18148.0,62021.0,18099.9,133.0,20096.0,4291.2,2.622,255.26,2351.99,651.4047,2849.083,1375.872461,0,Low
Lithuania,2020,4281.6,2672.0,4734.2,,2874.2,,61690.0,15725.5,146.0,17399.4,5393.1,3.429,226.1,2587.22,709.13995,2820.267,1703.910677,0,Low
Lithuania,2021,3458.3,2697.0,3937.2,,2280.3,,63142.0,13056.8,150.0,19088.7,4500.1,1.775,213.93,2612.9,822.31116,2786.651,,0,Low
Luxembourg,2000,5080.0,3288.0,5328.8,193500.0,9689.4,16000.0,54412.0,33604.3,200.0,15573.3,5576.9,1.644,18.87,154.25,1029.3596,435.628,116.511796,0,Low
Luxembourg,2001,4609.0,3175.0,5142.3,193500.0,7010.4,16000.0,56374.0,31021.8,210.0,16093.8,5498.4,1.425,17.89,154.25,1001.14056,441.25,114.196741,0,Low
Luxembourg,2002,5406.7,3124.0,5748.0,193500.0,10296.8,16000.0,57344.0,29918.2,200.0,15749.4,5966.9,1.384,17.59,154.25,937.9727,445.913,157.024835,0,Low
Luxembourg,2003,5342.8,3179.0,5678.0,193500.0,6927.0,16000.0,58670.0,29420.5,168.0,16684.2,6136.4,1.685,15.96,154.25,716.2373,451.351,131.613435,0,Low
Luxembourg,2004,5940.9,3243.0,6396.6,193500.0,10465.3,16000.0,59949.0,35029.9,145.0,18050.8,6824.1,1.012,15.85,154.25,774.87695,457.788,181.694015,0,Low
Luxembourg,2005,5318.3,3343.0,5634.8,193500.0,7405.3,16000.0,60790.0,31791.1,169.0,29398.5,6015.3,1.13,16.39,154.25,713.21136,464.86,128.295528,0,Low
Luxembourg,2006,5262.9,3353.0,5596.8,193500.0,8530.4,16000.0,62273.0,27645.4,178.0,28695.7,5969.4,1.36,15.35,154.25,871.5062,472.404,127.616095,0,Low
Luxembourg,2007,4838.0,3471.0,5202.9,193500.0,14752.6,16000.0,62562.0,31846.9,177.0,29602.8,5599.0,1.944,16.23,154.25,964.7057,479.868,173.480009,0,Low
Luxembourg,2008,5423.1,3243.0,6106.4,193500.0,13693.6,13958.0,61919.0,36019.9,195.0,30362.3,6661.7,1.281,12.45,154.25,966.6633,488.635,167.130843,0,Low
Luxembourg,2009,5804.9,3499.0,6202.1,193500.0,13722.9,14162.0,61905.0,33185.4,179.0,29342.1,6567.7,1.182,12.04,154.25,854.89294,497.868,120.687367,0,Low
Luxembourg,2010,5205.5,3580.0,5593.3,193500.0,11476.7,14000.0,62677.0,31757.7,190.0,30647.8,5958.6,0.321,10.24,154.25,884.2577,507.07,136.202487,0,Low
Luxembourg,2011,4843.4,3574.0,5193.2,193505.0,13194.1,14014.0,62897.0,30990.6,192.0,28533.9,5529.0,1.335,12.62,154.25,730.6593,518.206,134.070057,0,Low
Luxembourg,2012,5338.0,3581.0,5522.7,193502.0,8779.3,13819.0,62926.0,34333.3,185.0,32439.7,5866.5,1.259,13.47,203.17,974.23816,530.585,152.898597,0,Low
Luxembourg,2013,5517.5,3554.0,5967.4,193499.0,10213.1,13932.0,61068.0,29233.3,188.0,32187.3,6367.6,0.569,13.38,157.0,951.79663,543.066,152.252011,0,Low
Luxembourg,2014,5526.2,3578.0,5935.5,193500.0,12698.9,13466.0,65703.0,31244.2,207.0,34259.0,6154.1,2.458,13.54,143.68,916.9165,556.069,181.292859,0,Low
Luxembourg,2015,5754.2,3655.0,6027.1,193499.0,11364.5,13757.0,70332.0,22756.1,204.0,24755.7,6282.5,1.506,13.53,137.6,757.4812,569.408,120.813971,0,Low
Luxembourg,2016,4927.5,3657.0,4999.6,190872.0,8298.1,13652.0,70388.0,30447.1,192.0,15277.0,5074.4,1.857,14.13,203.38,938.93915,583.351,120.076086,0,Low
Luxembourg,2017,5300.0,3649.0,5339.5,190887.0,7553.7,13585.0,70222.0,34236.8,199.0,12651.2,5483.4,1.624,13.51,189.76,856.991,596.283,140.709698,0,Low
Luxembourg,2018,5898.3,3667.0,5993.5,183197.0,13000.0,,,25730.2,199.0,21333.3,6188.8,2.439,14.85,160.31,761.3085,607.913,152.034903,0,Low
Luxembourg,2019,5948.8,3633.0,5972.6,190085.0,7924.1,,,25550.0,189.0,24642.9,6157.2,2.122,16.51,143.49,935.1278,619.973,142.52235,0,Low
Luxembourg,2020,5503.3,3695.0,5736.8,188531.0,10746.4,,,26403.2,192.0,23066.7,6068.7,2.595,15.31,147.01,879.6623,630.399,147.065839,0,Low
Luxembourg,2021,5468.9,3657.0,5593.3,,10496.4,,,25746.0,181.0,21666.7,5916.1,1.126,15.57,129.7,1084.051,639.321,160.676759,0,Low
Malta,2000,3981.5,2672.0,4007.5,120000.0,13319.1,14573.0,26907.0,19612.5,139.0,16098.6,4013.4,1.034,26.0,181.92,980.8058,399.212,,0,Low
Malta,2001,4000.0,2560.0,4000.0,144000.0,10891.5,14575.0,27093.0,14211.4,140.0,15028.0,4000.0,1.647,30.15,111.77,1014.39667,402.151,,0,Low
Malta,2002,3923.3,2745.0,4781.3,135000.0,10466.8,15116.0,25742.0,23902.8,139.0,14962.7,5000.0,0.913,29.75,113.25,981.4683,404.699,,0,Low
Malta,2003,4074.1,2708.0,4013.6,128679.0,10720.3,15891.0,20682.0,20197.6,139.0,16064.5,4000.0,1.306,28.59,114.73,676.5814,406.919,,0,Low
Malta,2004,3992.3,2675.0,4083.2,123500.0,9808.2,16389.0,24319.0,20711.8,142.0,15395.4,4104.8,0.588,26.28,116.21,904.79083,408.798,,0,Low
Malta,2005,4000.0,2629.0,4129.0,104326.0,10819.1,16625.0,24667.0,23802.4,142.0,13853.1,4157.9,0.609,28.34,117.69,815.3066,410.208,,0,Low
Malta,2006,4000.0,2686.0,4032.3,130089.0,6997.9,15163.0,22331.0,22500.0,143.0,15142.6,4038.5,0.933,27.16,119.17,843.41394,411.197,,0,Low
Malta,2007,4000.0,2793.0,4238.8,135666.0,9137.4,16151.0,21766.0,20208.6,145.0,14704.7,4285.7,1.336,29.02,120.65,980.2589,412.081,,0,Low
Malta,2008,4000.0,2712.0,4714.3,145875.0,6955.8,16196.0,21552.0,27142.9,142.0,14156.4,4833.3,1.175,17.5,117.16,900.1664,413.401,,0,Low
Malta,2009,4038.5,2552.0,4789.2,181593.0,6564.6,16790.0,21618.0,14384.3,143.0,14007.6,4928.6,0.924,16.83,113.68,823.2587,415.5,,0,Low
Malta,2010,4114.6,2499.0,4691.1,169136.0,6145.3,16725.0,24818.0,22169.8,146.0,14869.5,4801.1,1.052,17.02,110.19,847.1315,418.755,,0,Low
Malta,2011,4170.1,2653.0,4670.9,122643.0,6369.5,17453.0,25071.0,26988.6,143.0,14604.5,4768.7,0.827,17.21,106.7,831.35895,423.571,,0,Low
Malta,2012,4115.3,2721.0,4639.7,150418.0,5684.6,16973.0,26183.0,18104.1,144.0,14150.2,4743.9,1.317,16.78,137.87,992.05786,429.907,,0,Low
Malta,2013,4135.6,2782.0,4668.6,182607.0,5262.0,17970.0,25374.0,18062.9,144.0,14789.1,4778.0,1.27,17.64,134.93,806.8391,437.525,,0,Low
Malta,2014,4122.0,2762.0,4740.4,185780.0,5203.0,17935.0,26918.0,17941.4,142.0,14368.6,4877.7,1.454,18.47,110.12,889.7051,446.441,,0,Low
Malta,2015,4179.9,2740.0,4824.3,174607.0,4441.8,17754.0,25555.0,11452.6,143.0,14458.2,4992.0,1.485,20.95,128.72,881.4359,456.579,,0,Low
Malta,2016,4157.5,2762.0,4820.4,168746.0,4564.1,18201.0,25908.0,9750.0,159.0,15253.6,4982.6,1.713,21.62,115.0,802.31995,467.705,,0,Low
Malta,2017,4165.3,2734.0,4879.9,163977.0,4689.9,17291.0,24827.0,12485.7,176.0,13974.5,5031.1,1.148,18.93,107.59,914.23914,479.497,,0,Low
Malta,2018,,2716.0,,161080.0,32214.3,16633.0,19325.0,13565.2,243.0,,,1.327,20.16,90.05,681.72906,491.586,,0,Low
Malta,2019,,2784.0,,161302.0,28166.7,17068.0,19604.0,13029.0,233.0,,,1.138,23.5,75.6,870.76666,503.635,,0,Low
Malta,2020,,2780.0,,,24222.2,17080.0,20089.0,14017.5,234.0,,,1.466,22.44,95.82,859.9951,515.358,,0,Low
Malta,2021,,2756.0,,,24587.0,16318.0,19289.0,12491.2,234.0,,,1.931,19.72,108.71,1005.31604,526.748,,0,Low
Netherlands (Kingdom of the),2000,6110.4,2095.0,7905.5,205078.0,29824.3,16101.0,72813.0,45654.8,244.0,54307.7,8359.2,1.601,984.51,11382.84,758.7787,15899.135,4773.042343,1,Medium
Netherlands (Kingdom of the),2001,5799.1,2245.0,7280.5,206357.0,23632.0,15936.0,70729.0,43410.6,232.0,53941.3,7944.7,1.272,981.75,9424.73,861.80676,15981.636,5560.468013,1,Medium
Netherlands (Kingdom of the),2002,5537.4,2047.0,7313.9,221231.0,25645.3,15492.0,69062.0,44568.6,241.0,53329.4,7814.5,1.531,935.04,9700.44,765.51624,16057.04,4791.627519,1,Medium
Netherlands (Kingdom of the),2003,6355.3,1971.0,7956.8,193344.0,27307.2,15736.0,71387.0,40775.3,237.0,47409.3,8743.9,1.212,993.51,9550.04,591.3268,16127.579,4992.44679,1,Medium
Netherlands (Kingdom of the),2004,5991.7,1969.0,8066.3,224476.0,33233.8,16078.0,72603.0,45683.2,236.0,53299.0,8914.9,1.168,1000.54,10655.4,728.4024,16196.035,7651.378279,1,Medium
Netherlands (Kingdom of the),2005,6069.2,2011.0,7879.7,198932.0,29458.4,16068.0,72995.0,43442.3,217.0,54627.4,8593.2,1.263,1002.05,10703.85,685.0575,16261.831,8022.912599,1,Medium
Netherlands (Kingdom of the),2006,6021.6,2005.0,7854.2,198087.0,31161.1,16075.0,68640.0,40048.8,217.0,49384.8,8394.0,1.518,1030.73,10461.35,684.91656,16325.677,8210.989342,1,Medium
Netherlands (Kingdom of the),2007,5777.8,2024.0,7289.7,197595.0,33759.6,15870.0,65504.0,43788.4,203.0,52284.1,7271.4,2.085,1043.36,12073.15,809.5556,16391.232,11637.85473,1,Medium
Netherlands (Kingdom of the),2008,6179.3,1927.0,8332.3,165676.0,28521.6,15765.0,62248.0,45574.1,196.0,52771.5,8729.5,1.438,904.82,10777.08,741.7253,16460.77,12273.986628,1,Medium
Netherlands (Kingdom of the),2009,6964.8,1924.0,9032.9,192656.0,35529.9,17082.0,63269.0,46337.6,203.0,56254.5,9291.9,1.224,873.41,9857.2,771.7963,16536.208,9987.687525,1,Medium
Netherlands (Kingdom of the),2010,6129.9,1889.0,8569.3,139863.0,31609.0,17198.0,65409.0,43598.0,212.0,54523.3,8909.2,0.106,865.17,9586.03,946.1351,16617.117,11506.981063,1,Medium
Netherlands (Kingdom of the),2011,6045.2,1881.0,7800.8,155681.0,39227.4,17475.0,65987.0,46055.0,202.0,57919.0,7781.2,1.075,828.12,12365.82,673.5637,16701.472,13860.31382,1,Medium
Netherlands (Kingdom of the),2012,6899.6,1932.0,8545.0,156973.0,26766.8,17418.0,65589.0,45173.4,207.0,57789.9,8587.0,1.155,835.36,12763.71,737.3449,16785.299,12443.568714,1,Medium
Netherlands (Kingdom of the),2013,7028.2,1936.0,8630.1,155971.0,34188.6,17535.0,66348.0,42207.5,203.0,57340.5,8741.2,0.435,748.36,10685.6,756.08563,16867.352,14284.23778,1,Medium
Netherlands (Kingdom of the),2014,7131.6,1921.0,9073.7,155894.0,37275.8,17309.0,66753.0,45660.2,207.0,58199.8,9169.8,2.564,775.77,10618.56,742.04285,16954.081,13278.632659,1,Medium
Netherlands (Kingdom of the),2015,6986.0,1955.0,8752.8,138537.0,35697.0,17371.0,66986.0,42731.9,215.0,57687.9,9125.5,1.287,826.62,9957.7,604.55505,17041.107,9706.327099,1,Medium
Netherlands (Kingdom of the),2016,6861.6,1985.0,7776.9,138492.0,36444.5,17194.0,68633.0,41996.1,208.0,55751.1,7983.2,1.932,829.41,10764.58,801.62964,17124.505,10219.430436,1,Medium
Netherlands (Kingdom of the),2017,6874.7,2036.0,8794.5,138453.0,30480.3,17186.0,72380.0,45972.0,210.0,58287.0,9093.5,1.719,844.2,10549.86,916.17236,17207.198,13567.472217,1,Medium
Netherlands (Kingdom of the),2018,6880.7,2048.0,7905.1,,36687.4,,70406.0,36606.1,204.0,54360.5,8614.7,2.133,855.84,9366.13,627.8611,17286.042,12294.984379,1,Medium
Netherlands (Kingdom of the),2019,7258.8,1998.0,8654.2,,35947.4,,70623.0,42003.4,210.0,58662.8,9378.1,2.139,829.94,9199.84,674.64417,17363.262,12112.388084,1,Medium
Netherlands (Kingdom of the),2020,6414.5,2072.0,7919.9,,35827.8,,71173.0,42675.1,209.0,58591.3,8556.0,2.475,777.44,9866.88,773.4669,17434.557,13323.446638,1,Medium
Netherlands (Kingdom of the),2021,6625.9,2052.0,7872.3,,34834.4,,69462.0,41974.3,207.0,57468.0,8018.0,1.306,841.98,9346.73,813.2423,17501.696,,1,Medium
Poland,2000,2539.6,1765.0,2534.8,97662.0,5755.7,14891.0,37731.0,19376.2,104.0,23977.8,3226.8,1.88,2994.19,8848.0,958.0929,38504.431,2784.436779,1,High
Poland,2001,3109.2,1674.0,3056.4,105350.0,8521.1,15004.0,38728.0,16227.0,104.0,23081.1,3533.6,1.282,3060.94,8855.0,973.2707,38662.862,2654.077368,1,High
Poland,2002,3207.2,1465.0,3240.8,110083.0,8020.1,15932.0,39742.0,19322.0,97.0,29408.3,3853.9,1.697,3036.47,10358.0,927.5801,38647.476,2642.053171,1,High
Poland,2003,2786.5,1628.0,2865.4,104858.0,9127.3,15663.0,39338.0,17931.6,116.0,25615.3,3404.7,0.364,2812.23,7184.0,887.9775,38621.531,3209.98908,1,High
Poland,2004,3521.8,1592.0,3537.6,97882.0,9059.4,16473.0,40785.0,19626.6,123.0,26951.4,4281.1,0.777,4471.73,8726.0,590.2989,38596.042,3641.000043,1,High
Poland,2005,3217.2,2461.0,3233.1,104783.0,7604.7,16971.0,41352.0,17629.3,133.0,24747.3,3954.5,0.874,4558.79,16039.0,573.9955,38575.911,3340.042531,1,High
Poland,2006,2589.8,2512.0,2598.2,112519.0,8563.1,16090.0,41219.0,15039.4,125.0,22850.1,3244.7,0.827,4409.02,17101.0,926.9827,38547.179,3462.928864,1,High
Poland,2007,3252.3,2464.0,3249.5,110434.0,4223.8,16744.0,42294.0,20700.6,149.0,26458.1,3938.1,2.138,4466.73,18721.0,575.246,38521.874,3462.238114,1,High
Poland,2008,2999.8,2352.0,3217.2,114687.0,9830.2,14640.0,43132.0,19060.7,114.0,26517.5,4071.6,1.741,4291.45,20611.02,695.95123,38522.882,3722.679277,1,High
Poland,2009,3443.3,2378.0,3475.1,122478.0,9312.2,18078.0,45574.0,19101.8,106.0,27398.3,4172.5,1.264,4114.3,18493.03,827.8828,38555.285,3489.699482,1,High
Poland,2010,3499.7,2491.0,3584.0,118092.0,7205.5,17807.0,45807.0,21083.8,144.0,30809.2,4429.0,0.392,4059.45,19449.02,1053.5568,38597.353,3308.31296,1,High
Poland,2011,3267.1,2416.0,3430.4,122551.0,8439.1,17643.0,47892.0,23033.8,130.0,31448.9,4134.8,0.755,4038.09,21779.27,752.56885,38620.847,3018.37512,1,High
Poland,2012,3601.8,2464.0,3704.9,101082.0,9161.9,19245.0,49832.0,24375.1,135.0,31291.9,4143.8,1.372,3939.53,21885.99,646.73224,38625.874,2769.173479,1,High
Poland,2013,3577.6,2730.0,3804.4,111905.0,9675.4,19536.0,51807.0,21062.4,139.0,35294.2,4436.7,0.638,3811.11,22191.79,882.7163,38607.353,3223.770033,1,High
Poland,2014,4051.6,2694.0,4268.0,136512.0,10408.1,19129.0,54120.0,27766.1,181.0,32947.5,4972.1,2.356,3786.56,23550.58,1010.2031,38581.872,3252.421429,1,High
Poland,2015,3527.7,2852.0,3727.8,127627.0,10410.2,19348.0,55742.0,21020.7,146.0,27942.4,4574.4,1.986,3839.91,23996.1,572.7501,38553.146,2871.012334,1,High
Poland,2016,3759.4,2870.0,4033.5,125197.0,11705.5,19788.0,59764.0,28630.4,194.0,31986.9,4580.2,2.03,3751.76,24452.66,881.2658,38532.113,2920.665269,1,High
Poland,2017,3976.8,2943.0,4199.6,118533.0,8007.5,19686.0,59848.0,27850.3,214.0,32719.1,4877.3,1.451,3733.86,25073.56,519.9812,38532.812,3249.728987,1,High
Poland,2018,3065.9,2906.0,3366.7,,13605.1,,,25129.6,164.0,30813.8,3987.1,2.411,3646.75,23156.57,886.8836,38521.457,3453.645959,1,High
Poland,2019,3395.5,3022.0,3605.3,,10822.9,21114.0,,21428.3,168.0,29604.8,4303.5,2.632,3525.11,24253.22,703.5349,38493.601,3604.293716,1,High
Poland,2020,4359.5,3020.0,4691.7,,13285.0,21510.0,,34765.8,165.0,34150.0,5234.2,2.658,3551.25,24616.37,710.8799,38428.366,,1,High
Poland,2021,4106.8,2974.0,4562.5,,14383.6,21440.0,,30027.8,166.0,36247.6,4975.3,1.449,3411.15,26949.22,734.0534,38307.726,,1,High
Portugal,2000,1670.2,2415.0,2793.5,241605.0,5599.0,15422.0,23440.0,13819.6,196.0,28174.3,1567.8,0.595,1515.92,15470.0,610.55286,10300.626,3865.359025,1,High
Portugal,2001,1070.4,2422.0,2645.3,251395.0,5887.0,16205.0,23542.0,14972.5,192.0,28766.0,837.1,1.087,1586.29,15503.0,854.4075,10371.819,5132.757624,1,High
Portugal,2002,1786.7,2430.0,2918.6,266377.0,5966.2,16199.0,25595.0,16164.2,199.0,28294.2,1790.4,0.634,1553.79,17452.0,812.08606,10430.914,5013.881229,1,High
Portugal,2003,1132.4,2438.0,2643.2,238048.0,6058.3,15985.0,24085.0,16081.0,195.0,28620.4,858.1,1.405,1551.57,17030.0,670.85425,10473.344,6574.654648,1,High
Portugal,2004,1650.9,2544.0,2965.6,249329.0,6412.2,15902.0,24315.0,16993.5,197.0,31975.4,1562.5,0.965,1509.17,16942.0,852.0925,10501.522,9181.265534,1,High
Portugal,2005,765.1,2476.0,2114.0,223906.0,6087.9,16214.0,24974.0,14728.2,194.0,30832.2,664.4,0.922,1487.51,16353.0,1053.0063,10523.315,7959.149107,1,High
Portugal,2006,2390.3,2417.0,3209.0,217529.0,6549.5,16424.0,25215.0,16105.9,200.0,28842.6,2384.7,1.479,1478.37,15702.0,826.7086,10543.947,9083.499962,1,High
Portugal,2007,1994.0,2448.0,3415.7,203560.0,5851.3,16520.0,26090.0,16768.5,192.0,31301.3,1863.0,0.698,1488.57,16682.39,803.85474,10565.551,9000.102533,1,High
Portugal,2008,2317.0,2415.0,3589.7,201755.0,5899.7,16276.0,27687.0,15751.9,184.0,30406.4,2302.8,0.595,1345.23,17080.26,754.95337,10580.96,12822.753695,1,High
Portugal,2009,1781.7,2309.0,3289.9,202640.0,6560.7,16641.0,28928.0,16443.1,181.0,32096.6,1700.8,1.315,1274.52,13984.91,750.2779,10591.343,10069.212039,1,High
Portugal,2010,1514.0,2316.0,3351.3,202732.0,6964.5,17141.0,29021.0,15034.1,179.0,33497.4,1430.5,1.064,1247.38,13774.18,977.2109,10588.401,7768.746657,1,Medium
Portugal,2011,1263.0,2314.0,4088.4,201300.0,6786.5,16860.0,29951.0,14708.8,185.0,42772.4,1200.2,1.551,1167.71,14562.41,587.0176,10564.826,10559.408255,1,Medium
Portugal,2012,1153.1,2275.0,4091.6,195223.0,6422.1,17171.0,32089.0,17789.0,191.0,44674.0,1076.6,0.74,1168.6,12869.13,725.7709,10522.086,7287.555504,1,Medium
Portugal,2013,1792.4,2304.0,4336.4,201622.0,7059.4,17218.0,31361.0,18224.3,194.0,40202.0,1763.5,0.887,1124.7,10122.52,802.9917,10464.535,9368.383623,1,Medium
Portugal,2014,2208.8,2341.0,4416.0,203720.0,7351.6,17095.0,33376.0,19838.0,110.0,42872.7,2065.7,1.309,1040.22,12888.21,911.9333,10408.372,8548.73215,1,Medium
Portugal,2015,2097.4,2441.0,4606.9,221765.0,7604.9,17036.0,35398.0,19770.5,187.0,51400.8,2023.2,1.352,980.9,10003.04,731.0306,10365.435,6563.102272,1,Medium
Portugal,2016,2260.5,2405.0,4422.4,236385.0,6902.9,17368.0,32563.0,19361.3,195.0,47279.5,2356.5,1.673,951.67,9772.27,903.5176,10332.753,6663.877381,1,Medium
Portugal,2017,2381.9,2415.0,4759.7,181783.0,7895.3,17722.0,33031.0,21699.2,190.0,47471.2,2054.2,2.111,971.63,8103.16,758.47894,10307.53,7991.429141,1,Medium
Portugal,2018,3036.5,2445.0,4809.0,194882.0,7474.5,16405.0,25438.0,20754.3,114.0,48512.3,2593.8,0.862,977.28,8057.31,800.907,10289.835,9182.526628,1,Medium
Portugal,2019,3265.7,2492.0,5176.5,196747.0,8352.3,16521.0,27025.0,23584.8,116.0,53280.9,2701.4,1.249,955.85,9865.81,702.1701,10289.923,9212.291393,1,Medium
Portugal,2020,3257.1,2486.0,4881.3,198931.0,7805.1,16897.0,25652.0,23367.9,114.0,46506.2,2770.4,1.95,887.33,9706.26,768.19476,10298.192,8013.823464,1,Medium
Portugal,2021,3002.4,2475.0,5379.7,195226.0,9190.7,16737.0,26683.0,24602.4,116.0,50611.7,2422.9,1.198,815.76,9583.2,820.9482,10290.103,12048.221428,1,Medium
Romania,2000,2148.8,1161.0,1927.8,89173.0,6361.8,10385.0,6192.0,12327.6,94.0,11300.2,2299.6,1.315,6246.27,9427.4,828.00366,21919.876,214.907838,1,High
Romania,2001,3003.1,1019.0,3029.4,90325.0,6281.6,13321.0,6756.0,14476.9,103.0,13301.2,3044.9,1.51,6077.67,7871.1,892.28107,21797.59,309.912909,1,High
Romania,2002,2110.8,1262.0,2512.5,94013.0,5675.7,14590.0,7016.0,14440.1,125.0,12437.8,2058.0,1.19,4890.12,7875.7,839.5787,21653.532,329.07222,1,High
Romania,2003,1704.9,1679.0,2534.9,93546.0,8438.3,13297.0,7295.0,14003.6,102.0,13749.9,1757.0,0.112,4755.2,6928.1,611.5205,21481.32,398.478758,1,High
Romania,2004,3412.6,1591.0,3997.4,83643.0,8504.6,16903.0,7793.0,16654.0,127.0,16630.1,3477.5,0.527,4342.49,6778.2,888.10925,21289.286,445.618832,1,High
Romania,2005,2288.1,1501.0,3334.2,70439.0,6839.8,14786.0,7889.0,13103.5,93.0,12879.9,2998.5,0.27,4202.83,7565.7,958.8369,21092.264,512.352515,1,High
Romania,2006,2367.9,1378.0,3102.3,74701.0,7824.4,14824.0,8188.0,14186.0,80.0,14373.2,2773.7,0.487,4095.67,6733.2,798.9702,20909.401,704.783402,1,High
Romania,2007,1568.9,1384.0,1645.2,64866.0,6500.8,14996.0,7644.0,13621.1,89.0,12239.4,1610.0,2.096,3964.56,6314.0,850.3109,20744.23,1251.42598,1,High
Romania,2008,3127.5,1390.0,3247.3,73174.0,7363.7,15404.0,6258.0,14048.5,84.0,13452.9,3422.2,1.303,3754.23,7193.7,847.3069,20597.508,1781.336887,1,High
Romania,2009,2295.7,1630.0,2824.8,68943.0,8051.7,15402.0,5812.0,15381.2,105.0,13708.6,2430.5,1.573,3676.53,6548.7,859.2976,20466.318,1300.502376,1,High
Romania,2010,2568.2,1636.0,3329.7,69648.0,7878.6,15746.0,4985.0,13296.0,101.0,13636.5,2700.0,1.116,3819.33,7249.2,1181.9973,20335.211,826.692501,1,High
Romania,2011,3172.7,1626.0,3993.0,69587.0,8508.8,14797.0,4940.0,16415.4,98.0,14953.6,3665.0,0.443,3591.5,6582.9,691.0234,20220.285,1214.241497,1,High
Romania,2012,2329.9,1619.0,2364.1,70455.0,6809.1,15530.0,4730.0,10762.3,105.0,12907.0,2659.3,1.772,3691.25,6418.7,771.55994,20137.118,1186.364629,1,High
Romania,2013,3118.1,1572.0,3863.2,71181.0,8111.3,15801.0,4920.0,15846.2,107.0,14318.7,3478.6,1.311,3638.11,10585.65,865.3114,20066.546,1473.183926,1,High
Romania,2014,3343.8,1610.0,4069.2,73737.0,7529.7,16089.0,6103.0,17365.9,103.0,15046.7,3598.4,1.47,3560.83,10021.23,961.0082,19995.836,1972.124696,1,High
Romania,2015,3470.8,1639.0,3543.9,81549.0,7291.2,16118.0,5736.0,13769.8,108.0,14581.0,3787.2,1.699,3315.66,11483.9,735.6146,19906.079,1266.8404,1,High
Romania,2016,3778.6,1625.0,3971.3,79211.0,7166.1,16349.0,5234.0,14442.8,100.0,13918.2,3948.4,1.775,3081.36,10812.73,921.4924,19797.82,1343.956626,1,High
Romania,2017,4190.3,1637.0,5227.7,82681.0,7745.1,16705.0,5066.0,18187.2,113.0,15063.0,4891.1,1.051,3122.45,11548.21,888.3368,19698.853,1312.053517,1,High
Romania,2018,4417.3,1702.0,5997.2,82713.0,10338.8,17070.0,4406.0,17442.4,91.0,17289.0,4793.5,2.156,3122.92,11107.63,758.1788,19606.783,1548.668316,1,High
Romania,2019,4188.0,1722.0,5457.5,78433.0,8650.1,17110.0,4210.0,15086.1,95.0,15500.9,4748.8,2.138,3013.52,9046.66,864.6266,19524.211,1118.289385,1,High
Romania,2020,2581.6,1402.0,3398.6,,8800.4,,4286.0,15849.2,95.0,19931.2,2966.0,2.124,2881.38,8700.09,976.17065,19442.038,1163.959755,1,High
Romania,2021,4408.3,1327.0,5187.8,,9535.2,16628.0,4288.0,16536.6,98.0,19521.5,4796.9,1.322,2539.97,8369.18,828.6315,19328.56,1317.935658,1,High
Slovakia,2000,1990.1,2718.0,2709.9,109075.0,6359.5,11386.0,23538.0,15474.3,101.0,11266.7,3095.2,1.629,452.49,1457.49,1314.9246,5376.69,476.158607,0,Medium
Slovakia,2001,3289.8,2775.0,3889.7,115689.0,6035.8,11120.0,25592.0,12349.2,84.0,13131.4,4010.2,1.244,441.02,1549.87,1245.3917,5376.456,432.911861,0,Medium
Slovakia,2002,3569.8,2746.0,3899.7,88352.0,5251.8,15076.0,27653.0,18585.7,85.0,11055.7,3830.2,1.382,441.43,1642.21,1347.7225,5375.206,542.252743,0,Medium
Slovakia,2003,2986.6,2527.0,3136.0,113942.0,6563.8,14699.0,26420.0,15267.7,87.0,11241.7,3031.3,0.652,433.2,1515.43,990.2184,5374.376,488.318341,0,Medium
Slovakia,2004,4125.9,2588.0,4641.8,110313.0,5541.1,14001.0,26055.0,15763.5,78.0,12174.3,4798.8,0.547,407.02,1573.03,1429.0646,5374.931,640.793465,0,Medium
Slovakia,2005,3619.7,2647.0,4511.8,119295.0,5369.0,14944.0,27004.0,15767.2,110.0,11726.5,4311.1,0.394,404.82,1545.6,1227.2949,5376.242,665.613235,0,Medium
Slovakia,2006,3478.1,2621.0,3996.3,136112.0,4960.0,15365.0,26923.0,14310.4,78.0,11779.6,3846.1,0.623,412.04,1586.97,1172.7555,5377.235,585.734024,0,Medium
Slovakia,2007,3142.1,2629.0,3561.2,134877.0,4414.5,15437.0,27827.0,16189.3,82.0,10663.0,3824.9,2.141,410.57,1595.47,1214.3741,5378.382,634.703256,0,Medium
Slovakia,2008,4183.6,2571.0,5175.3,131020.0,5828.0,15590.0,27825.0,17188.3,81.0,11755.6,4869.3,1.513,357.56,1498.24,1442.2903,5381.636,636.830386,0,Medium
Slovakia,2009,3449.4,2535.0,4331.5,134642.0,5652.3,15381.0,25048.0,18599.2,85.0,11088.8,4055.7,1.485,346.8,1654.12,1357.3389,5388.926,586.415078,0,Medium
Slovakia,2010,2717.1,2516.0,3737.3,119466.0,5043.7,15418.0,24432.0,11454.7,88.0,9543.2,3464.6,0.673,241.24,1880.75,1541.1807,5396.424,583.382484,0,Low
Slovakia,2011,3868.0,2475.0,5009.0,125831.0,6076.1,15924.0,25035.0,20942.0,80.0,11622.4,4495.3,0.826,118.04,1410.5,909.1686,5402.68,722.759718,0,Low
Slovakia,2012,3179.1,2471.0,3829.1,120571.0,6586.7,15440.0,25245.0,18543.2,85.0,11235.8,3285.6,1.558,300.35,1563.78,1277.4371,5409.283,554.429587,0,Medium
Slovakia,2013,3677.1,2463.0,4490.4,120750.0,7067.6,15532.0,26438.0,18319.9,85.0,11443.8,4580.8,0.936,248.2,1620.28,1436.19,5414.739,564.779678,0,Low
Slovakia,2014,4868.4,2487.0,6038.7,122803.0,7195.7,15485.0,25429.0,19639.4,85.0,15352.0,5464.0,2.344,327.46,1721.83,1763.293,5419.569,680.908944,0,Medium
Slovakia,2015,4776.2,2462.0,5079.6,118381.0,8027.7,15500.0,26451.0,17930.2,86.0,11851.5,5509.8,2.078,255.63,1567.86,1137.7596,5424.444,632.67158,0,Low
Slovakia,2016,5084.8,2520.0,6430.4,119547.0,4998.3,15507.0,26905.0,21456.5,80.0,13834.1,5843.4,1.917,124.18,1520.0,1461.5359,5431.203,590.767973,0,Low
Slovakia,2017,4531.6,2553.0,4856.0,121690.0,6968.4,15644.0,27191.0,20094.6,101.0,15323.9,4738.6,1.235,298.1,1724.0,1428.12,5439.417,533.766448,0,Medium
Slovakia,2018,3921.6,2593.0,5409.7,121920.0,8651.5,15744.0,26629.0,21900.8,135.0,17773.4,4779.6,2.507,293.83,1785.0,1341.0532,5446.745,769.632778,0,Medium
Slovakia,2019,4744.5,2810.0,5336.0,129149.0,7272.0,,28435.0,22273.5,136.0,18419.2,4766.6,2.378,323.16,1859.0,1463.6095,5453.924,658.163634,0,Medium
Slovakia,2020,5191.8,2947.0,6129.8,,7344.3,,,23742.9,130.0,18093.1,5511.3,1.982,297.84,1810.0,1287.756,5456.681,731.111703,0,Medium
Slovakia,2021,5057.1,2890.0,5976.8,,7463.8,,,24892.9,123.0,19133.8,5609.0,1.243,244.77,1620.0,1283.7775,5447.622,594.09435,0,Low
Slovenia,2000,3263.3,2655.0,4803.1,134171.0,13493.4,19725.0,44127.0,20795.0,147.0,24108.2,4249.2,1.802,239.16,1468.0,654.10535,1984.339,19638.827745,0,Low
Slovenia,2001,3513.1,2789.0,4734.5,145582.0,9631.8,20134.0,44160.0,19046.8,146.0,17357.5,4603.6,1.725,238.58,1387.0,646.3903,1982.487,20449.92886,0,Low
Slovenia,2002,3884.4,2685.0,6117.9,145513.0,13857.0,19518.0,51055.0,23332.2,144.0,21598.3,4894.3,1.524,227.95,1164.1,688.48486,1983.767,21766.470963,0,Low
Slovenia,2003,2881.5,2657.0,4011.5,135720.0,10903.1,18854.0,45112.0,15750.9,139.0,16056.8,3454.3,1.448,217.77,1361.0,743.63617,1989.411,27728.050366,0,Low
Slovenia,2004,3897.7,2654.0,5826.2,145035.0,14830.2,18874.0,47533.0,25095.1,145.0,22450.1,4533.9,0.751,232.77,1557.98,592.6282,1996.722,29657.360327,0,Low
Slovenia,2005,3963.4,2716.0,6006.9,135701.0,12160.2,19055.0,46909.0,22948.6,141.0,24031.7,4700.5,0.503,225.11,1383.88,471.72717,2004.778,28293.04084,0,Low
Slovenia,2006,3615.5,2771.0,5116.0,127946.0,12060.3,17873.0,52525.0,18131.2,140.0,19035.5,4190.7,0.89,228.05,1280.98,658.77356,2013.57,26720.497947,0,Low
Slovenia,2007,3664.1,2826.0,5341.3,118094.0,13081.2,17499.0,54299.0,22846.9,142.0,18204.5,4161.6,2.194,236.33,1155.23,578.0162,2023.229,32778.224496,0,Low
Slovenia,2008,3993.3,2809.0,5474.7,140385.0,11318.1,17156.0,54349.0,22660.7,140.0,18075.1,4526.5,1.603,201.23,1218.15,707.2485,2034.033,34900.955915,0,Low
Slovenia,2009,3524.0,2815.0,5268.3,138628.0,11746.1,17737.0,54532.0,24772.5,142.0,19411.5,3964.3,1.655,195.55,1162.87,644.1302,2045.578,30720.572329,0,Low
Slovenia,2010,4277.6,2865.0,5981.0,143737.0,12414.7,18627.0,51800.0,24535.3,136.0,21279.7,4804.4,0.796,192.53,1134.37,813.1608,2057.287,31754.400763,0,Low
Slovenia,2011,4542.3,2858.0,6373.8,156960.0,12273.8,18142.0,51430.0,26422.8,136.0,19153.7,5177.0,1.38,178.53,1121.91,571.9766,2065.453,31877.156503,0,Low
Slovenia,2012,4715.7,2860.0,5761.9,193467.0,8090.1,18216.0,53672.0,23406.1,135.0,16303.3,5437.6,1.957,175.01,1016.08,572.57764,2069.354,29063.582123,0,Low
Slovenia,2013,4002.7,2910.0,4615.5,140304.0,10616.7,17540.0,50910.0,18795.0,134.0,14818.4,4352.8,1.256,170.85,917.36,730.1736,2072.374,32503.08911,0,Low
Slovenia,2014,4853.4,2912.0,6472.5,157990.0,10740.8,17742.0,53595.0,26894.4,139.0,15477.0,5230.2,2.457,182.99,1008.99,707.38086,2074.917,31572.282834,0,Low
Slovenia,2015,4633.2,2997.0,6283.9,140048.0,13254.2,17580.0,54861.0,27437.0,139.0,19098.1,5110.2,2.149,160.65,1046.61,540.1039,2080.862,30097.85424,0,Low
Slovenia,2016,4777.6,3049.0,6464.6,161015.0,9194.1,17699.0,54156.0,26840.7,139.0,19130.6,5186.3,2.068,137.23,1155.95,703.53906,2090.02,31998.756579,0,Low
Slovenia,2017,4807.7,2980.0,5540.0,135140.0,9390.6,17759.0,57060.0,24352.6,140.0,17534.6,5031.4,1.744,152.66,1087.02,493.72272,2098.392,33723.242479,0,Low
Slovenia,2018,4195.3,3012.0,6071.9,135034.0,11994.8,18089.0,57534.0,25950.2,143.0,19219.5,4381.7,2.438,154.42,1171.32,828.3597,2105.924,36352.141721,0,Low
Slovenia,2019,4847.7,3073.0,6503.1,132508.0,9059.8,18022.0,57159.0,23557.1,140.0,18731.9,5230.5,2.362,138.03,973.22,620.43915,2112.901,32171.458462,0,Low
Slovenia,2020,5501.1,3090.0,7385.5,,9784.6,18173.0,58639.0,30262.6,146.0,19447.7,5796.3,2.254,123.47,963.76,675.4119,2117.641,33761.694299,0,Low
Slovenia,2021,5449.7,3045.0,6864.8,,6142.2,18228.0,58201.0,23457.9,145.0,18562.1,5765.2,1.569,116.41,907.19,661.6397,2119.41,,0,Low
Spain,2000,3374.9,2560.0,3603.3,141927.0,9745.2,14832.0,11942.0,25919.6,111.0,31547.5,3099.7,0.787,3618.22,34597.0,944.41833,40741.651,2820.48803,1,High
Spain,2001,2088.6,2552.0,2804.7,142125.0,9441.3,14872.0,11964.0,25992.6,111.0,32427.6,2300.3,1.381,3654.84,35700.0,816.4274,40966.45,2613.57779,1,High
Spain,2002,2696.2,2521.0,3222.0,156721.0,9739.3,17983.0,12332.0,27946.0,111.0,33855.8,2834.7,0.79,3687.55,40727.0,696.7164,41477.655,2901.267554,1,High
Spain,2003,2743.6,2556.0,3250.7,159210.0,10728.8,20109.0,15005.0,26359.3,111.0,33884.0,2923.6,1.585,3703.03,41586.0,710.43445,42230.27,3434.20176,1,High
Spain,2004,3347.2,2613.0,3750.1,162910.0,10301.0,19225.0,15332.0,27159.9,112.0,33668.1,3262.8,0.982,3734.39,47445.0,780.0792,42959.666,3823.436294,1,High
Spain,2005,1465.7,2594.0,2159.3,138804.0,9570.5,19194.0,15979.0,26984.4,113.0,34490.7,1770.7,0.864,3937.49,41017.0,770.87164,43685.374,3228.919414,1,High
Spain,2006,2544.7,2578.0,3028.2,162098.0,10797.1,19411.0,14251.0,28842.1,112.0,34186.3,2875.5,1.495,3978.14,39767.0,820.3841,44422.831,3011.825637,1,High
Spain,2007,3700.1,2554.0,3933.9,163654.0,9603.7,19430.0,14833.0,28923.8,114.0,36166.4,3569.2,0.806,3950.43,39286.0,772.3077,45245.782,3930.892751,1,High
Spain,2008,3252.4,2657.0,3573.5,162791.0,10276.3,19034.0,15448.0,26216.6,111.0,35736.0,3248.3,0.846,3399.84,40719.0,805.5207,45966.538,4014.504915,1,High
Spain,2009,2412.1,2594.0,2944.8,164225.0,9778.9,18212.0,15330.0,31854.5,106.0,37013.9,2710.3,1.332,3195.86,35199.0,782.6331,46367.772,2827.085345,1,High
Spain,2010,2825.9,2635.0,3291.5,159133.0,10883.7,19292.0,14145.0,29391.0,108.0,36372.0,3049.8,0.893,3114.87,39043.0,764.4429,46572.772,3990.829491,1,High
Spain,2011,3068.5,2610.0,3691.8,165581.0,10788.0,20765.0,15486.0,30740.6,111.0,36973.1,3447.5,1.599,3075.87,53549.0,869.70374,46729.232,4588.865966,1,High
Spain,2012,2213.3,2587.0,2842.5,164860.0,10340.4,20852.0,15266.0,30438.7,111.0,38355.4,2371.8,1.027,3005.74,63490.52,927.29944,46756.082,4207.075039,1,High
Spain,2013,3593.4,2614.0,4047.1,166367.0,12405.7,18174.0,15164.0,30936.7,110.0,37826.2,3644.7,0.894,2985.38,71447.62,725.1025,46603.459,4229.217044,1,High
Spain,2014,2501.0,2681.0,3248.5,169380.0,12379.6,18517.0,15062.0,33492.2,111.0,40166.0,2980.6,1.589,3110.63,78818.31,787.8814,46464.551,4166.724362,1,High
Spain,2015,2580.0,2683.0,3243.1,168426.0,11841.9,18149.0,18643.0,31866.6,112.0,40005.6,2923.6,1.503,3213.64,77216.75,886.34106,46431.342,3375.760203,1,High
Spain,2016,3580.0,2683.0,3877.8,172635.0,12324.1,20975.0,18974.0,31138.5,111.0,40229.7,3488.6,1.689,3343.84,76940.64,733.9824,46473.315,3195.518177,1,High
Spain,2017,2227.5,2693.0,2770.2,174064.0,11682.9,21193.0,18047.0,31596.1,112.0,39822.5,2326.3,2.003,3471.13,71987.32,825.50195,46584.17,3685.169359,1,High
Spain,2018,3718.4,2717.0,4205.5,174422.0,12819.9,21584.0,16070.0,29796.0,114.0,39780.0,4032.8,1.107,3513.28,73121.03,636.3252,46792.043,3441.580317,1,High
Spain,2019,2875.1,2769.0,3445.5,,11771.4,21887.0,16957.0,33898.3,116.0,40998.5,3146.3,1.49,3535.23,75190.44,848.49744,47131.372,3417.509698,1,High
Spain,2020,4170.7,2798.0,4501.5,,12577.2,22515.0,17180.0,31373.5,116.0,38960.5,4253.2,2.037,3239.19,75774.8,854.1523,47363.807,3504.768396,1,High
Spain,2021,3688.9,2813.0,4227.4,,12246.9,22037.0,17627.0,32887.3,120.0,40102.3,4023.8,1.373,3302.55,76173.56,810.0703,47486.935,,1,High
Sweden,2000,3928.3,2832.0,4560.3,179894.0,7146.4,13335.0,78294.0,29787.6,193.0,19768.4,5906.6,1.726,494.98,1721.0,,8871.043,,0,Medium
Sweden,2001,4083.0,2874.0,4583.3,172147.0,7279.3,13337.0,79790.0,28694.6,195.0,19012.9,5941.2,1.072,477.47,1789.0,,8896.748,,0,Medium
Sweden,2002,4215.5,2891.0,4780.4,197380.0,6734.2,13366.0,78498.0,28790.5,198.0,18305.0,6148.7,1.569,457.04,2198.0,,8926.012,,0,Medium
Sweden,2003,4147.9,2890.0,4584.5,205202.0,7410.5,13417.0,80816.0,28064.8,193.0,18732.1,5484.9,0.913,457.61,2549.0,,8961.506,,0,Medium
Sweden,2004,4258.8,2895.0,4892.9,208208.0,7412.7,13456.0,81124.0,30914.7,197.0,19098.3,5979.8,1.2,460.96,1353.0,,9004.263,,0,Medium
Sweden,2005,4207.7,2917.0,4932.3,201382.0,6615.3,13443.0,81574.0,31107.0,197.0,18636.9,6333.4,1.824,437.57,2132.0,,9051.738,,0,Medium
Sweden,2006,3618.4,2948.0,4292.2,218833.0,7814.3,13399.0,81852.0,27601.1,198.0,20833.1,5462.7,1.486,440.73,2220.0,,9104.719,,0,Medium
Sweden,2007,4484.3,2969.0,5150.8,178303.0,8394.8,14562.0,82712.0,27662.9,199.0,18048.6,6257.1,1.939,457.08,2157.0,,9164.272,,0,Medium
Sweden,2008,4185.3,2994.0,4820.5,183916.0,8198.1,14552.0,82854.0,31717.5,197.0,18319.7,6108.7,1.957,406.08,2352.0,,9229.271,,0,Medium
Sweden,2009,4645.9,3043.0,5078.9,199582.0,7898.5,14590.0,83358.0,31821.2,198.0,20735.0,6077.6,1.438,395.44,1935.0,,9301.413,,0,Medium
Sweden,2010,3971.3,3054.0,4510.4,183138.0,8792.8,14578.0,83371.0,30121.8,196.0,18610.4,5396.6,-0.279,392.37,1982.0,,9381.729,,0,Medium
Sweden,2011,4362.5,3023.0,4712.9,181932.0,9448.1,14633.0,83407.0,31968.1,194.0,20750.7,5378.6,1.269,380.89,1781.0,,9467.388,,0,Medium
Sweden,2012,4611.7,2985.0,5101.8,181143.0,9384.9,14576.0,83369.0,32580.9,193.0,22753.7,6237.9,1.313,381.63,1814.0,,9555.987,,0,Medium
Sweden,2013,5004.1,3016.0,5123.5,187664.0,10045.4,14624.0,84588.0,33756.3,194.0,21006.3,5779.2,0.857,389.16,2177.87,,9648.932,,0,Medium
Sweden,2014,4783.5,3055.0,5646.9,190869.0,10942.7,15072.0,86339.0,34542.0,197.0,21340.2,6806.0,2.705,384.53,2493.49,,9747.508,,0,Medium
Sweden,2015,5245.1,3085.0,6053.6,172872.0,11058.0,15248.0,87084.0,34740.3,200.0,20977.1,7213.2,2.072,392.21,2321.28,,9849.349,,0,Medium
Sweden,2016,4803.2,3193.0,5438.2,170710.0,10583.7,15356.0,87759.0,35729.1,199.0,21060.0,6320.4,1.843,388.13,1955.78,,9953.317,,0,Medium
Sweden,2017,5285.0,3253.0,5992.3,162073.0,10287.5,15088.0,86284.0,34696.8,201.0,31533.8,6989.1,1.59,389.96,2060.84,,10058.19,,0,Medium
Sweden,2018,3033.2,3181.0,3535.5,,11908.2,15202.0,88172.0,30238.4,201.0,26200.8,4349.8,1.848,380.25,1870.7,,10162.298,,0,Medium
Sweden,2019,5300.6,3195.0,6292.1,,10058.3,15217.0,89734.0,35809.7,204.0,26337.0,7405.5,1.573,380.68,1800.85,,10267.922,,0,Medium
Sweden,2020,5171.5,3212.0,5994.4,129681.0,11471.0,15925.0,91089.0,36443.7,204.0,26559.3,7156.1,2.951,351.26,2047.47,,10368.969,,0,Medium
Sweden,2021,3920.1,3263.0,5064.7,,11841.7,16324.0,92864.0,34778.9,211.0,25885.8,6319.4,1.85,350.93,2137.9,,10467.097,,0,Medium
